30
87 10 17 19
275 5 11 18 20
231 6 9 12 14 16 17 18 19 20 21 28
79 7 10 13 15 17 18 19 20 21 22 29
627 7 8 10 11 14 16 18 19 20 21 22 23
444 7 8 9 11 12 15 17 19 20 21 22 23 24 25
20 8 9 10 12 13 16 18 20 21 22 23 24 25 26
98 9 10 11 13 14 17 19 21 22 23 24 25 26 27
576 10 11 12 14 15 17 18 19 20 22 23 24 25 26 27 28 29
295 11 12 13 15 16 18 19 20 21 23 24 25 26 27 28 29
33 12 13 14 16 17 19 20 21 22 24 25 26 27 28 29
493 13 14 15 17 18 20 21 22 23 25 26 27 28 29
488 14 15 16 18 19 21 22 23 24 26 27 28 29
156 15 16 17 19 20 22 23 24 25 27 28 29
862 16 17 18 20 21 23 24 25 26 28 29
20 17 18 19 21 22 24 25 26 27 29
518 18 19 20 22 23 25 26 27 28
923 19 20 21 23 24 26 27 28 29
502 20 21 22 24 25 27 28 29
479 21 22 23 24 25 26 28 29
949 22 23 24 25 26 27 29
279 23 24 25 26 27 28
90 24 25 26 27 28 29
956 25 26 27 28 29
48 26 27 28 29
746 27 28 29
435 28 29
651 29
141
563
