40
577 3 8 9 10
568 4 7 9 10 11
845 5 8 9 10 11 12
955 6 7 9 10 11 12 13
171 7 8 10 11 12 13 14
631 8 9 10 11 12 13 14 15
791 9 10 11 12 13 14 15 16
108 10 11 12 13 14 15 16 17
460 10 11 12 13 14 15 16 17 18
517 11 12 13 14 15 16 17 18 19
278 12 13 14 15 16 17 18 19 20
652 13 14 15 16 17 18 19 20 21
865 14 15 16 17 18 19 20 21 22
820 15 16 17 18 19 20 21 22 23
597 16 17 18 19 20 21 22 23 24
503 17 18 19 20 21 22 23 24 25
339 18 19 20 21 22 23 24 25 26
833 19 20 21 22 23 24 25 26 27
720 20 21 22 23 24 25 26 27 28
256 21 22 23 24 25 26 27 28 29
490 22 23 24 25 26 27 28 29 30
899 23 24 25 26 27 28 29 30 31
542 24 25 26 27 28 29 30 31 32
798 25 26 27 28 29 30 31 32 33
686 26 27 28 29 30 31 32 33 34
54 27 28 29 30 31 32 33 34 35
712 28 29 30 31 32 33 34 35 36
472 29 30 31 32 33 34 35 36 37
212 30 31 32 33 34 35 36 37 38
230 31 32 33 34 35 36 37 38 39
454 32 33 34 35 36 37 38 39
507 33 34 35 36 37 38 39
171 34 35 36 37 38 39
610 35 36 37 38 39
237 36 37 38 39
742 37 38 39
482 38 39
383 39
974
552
