50
3229 2 3 5 10
4102 3 4 6 7 8 11
261 4 5 7 8 9 12
3834 5 6 8 9 10 12 13
2768 6 7 9 10 11 13 14
3811 7 8 10 11 12 13 14 15
8626 8 9 10 11 12 13 14 15 16
3090 9 10 11 12 13 14 15 16 17
6359 10 11 12 13 14 15 16 17 18
9853 11 12 13 14 15 16 17 18 19
8083 12 13 14 15 16 17 18 19 20
8642 13 14 15 16 17 18 19 20 21
7884 14 15 16 17 18 19 20 21 22
3881 15 16 17 18 19 20 21 22 23
1297 16 17 18 19 20 21 22 23 24
6712 17 18 19 20 21 22 23 24 25
3349 18 19 20 21 22 23 24 25 26
3619 19 20 21 22 23 24 25 26 27
5203 20 21 22 23 24 25 26 27 28
3576 21 22 23 24 25 26 27 28 29
5943 22 23 24 25 26 27 28 29 30
1627 23 24 25 26 27 28 29 30 31
2540 24 25 26 27 28 29 30 31 32
231 25 26 27 28 29 30 31 32 33
3124 26 27 28 29 30 31 32 33 34
4380 27 28 29 30 31 32 33 34 35
2945 28 29 30 31 32 33 34 35 36
4785 29 30 31 32 33 34 35 36 37
904 30 31 32 33 34 35 36 37 38
9305 31 32 33 34 35 36 37 38 39
1533 32 33 34 35 36 37 38 39 40
9065 33 34 35 36 37 38 39 40 41
6670 34 35 36 37 38 39 40 41 42
6114 35 36 37 38 39 40 41 42 43
3572 36 37 38 39 40 41 42 43 44
6022 37 38 39 40 41 42 43 44 45
5006 38 39 40 41 42 43 44 45 46
6599 39 40 41 42 43 44 45 46 47
9785 40 41 42 43 44 45 46 47 48
9501 41 42 43 44 45 46 47 48 49
692 42 43 44 45 46 47 48 49
7399 43 44 45 46 47 48 49
3146 44 45 46 47 48 49
5571 45 46 47 48 49
4962 46 47 48 49
7251 47 48 49
9478 48 49
5194 49
4911
2609
