523 2367
420 223
50 384
477 56
203 236
27 518
122 377
145 95
399 449
345 519
30 499
13 82
307 290
176 304
247 240
54 369
179 449
290 419
346 474
439 299
236 458
304 522
12 282
98 303
211 293
49 437
225 355
461 58
367 48
409 395
321 241
115 82
265 7
281 8
98 339
64 444
229 406
148 60
455 310
10 121
480 144
505 153
31 330
139 326
213 406
378 406
91 462
147 18
95 406
3 37
16 461
448 202
475 403
484 364
508 152
455 326
292 101
458 516
61 237
315 222
59 105
91 454
277 65
365 413
2 377
173 359
448 417
272 412
177 485
129 30
376 364
402 521
423 280
99 119
246 147
423 388
203 313
171 168
396 178
93 10
522 107
139 309
12 232
120 299
497 328
189 361
297 370
498 118
318 470
192 341
141 315
456 172
246 63
448 516
222 243
161 90
397 257
130 426
277 222
87 6
193 85
509 175
78 412
32 286
113 197
24 140
87 363
94 112
433 213
507 382
184 94
159 420
444 506
234 256
156 522
298 408
484 427
321 258
63 487
204 200
258 304
440 315
107 379
237 461
136 417
207 448
507 428
342 357
50 27
282 432
76 432
473 167
153 8
162 7
406 173
92 226
291 350
20 186
152 503
142 472
439 192
232 94
129 332
438 310
411 174
152 385
475 395
44 59
163 179
39 50
40 338
356 422
79 47
101 106
480 129
448 55
2 467
236 453
407 148
222 521
15 12
400 140
420 251
446 363
79 17
484 433
10 335
381 171
339 337
398 11
369 118
215 393
121 279
221 375
91 49
278 481
335 462
443 447
313 449
457 377
503 382
12 114
309 110
123 114
245 275
386 513
148 13
297 304
352 103
74 395
15 29
266 21
238 521
140 327
510 241
177 20
133 352
222 357
189 501
270 185
191 196
137 263
204 514
184 178
53 341
193 135
125 401
72 167
348 443
235 233
464 438
55 334
436 351
268 187
244 360
32 59
380 178
519 236
68 293
13 192
235 13
11 214
279 101
201 394
96 216
165 356
323 381
293 14
89 459
518 246
277 75
30 282
127 307
295 438
464 1
493 152
463 444
298 4
24 456
87 251
211 326
342 491
307 306
247 501
305 162
386 148
498 480
241 203
410 282
477 194
516 438
184 453
392 493
281 513
323 266
108 193
504 388
186 183
478 374
174 295
111 240
415 340
139 176
464 441
70 116
489 515
323 46
468 50
151 486
39 143
170 208
40 399
237 227
399 169
133 94
64 428
77 157
121 202
147 16
518 455
240 150
377 468
107 171
249 63
311 308
509 207
76 215
293 359
435 482
19 238
307 4
479 7
522 446
116 127
66 358
126 314
286 140
403 510
437 285
97 522
40 183
305 289
507 281
350 271
396 435
356 155
478 393
96 362
469 197
306 358
6 94
5 385
226 427
206 499
198 35
482 332
185 169
109 456
232 479
205 62
39 309
61 367
389 195
125 192
74 266
388 41
62 343
487 112
283 58
424 117
301 155
321 337
186 207
429 435
281 310
190 15
79 395
188 56
337 110
158 433
342 78
496 316
422 278
32 437
256 372
27 492
520 271
258 51
349 37
340 293
29 33
367 32
252 496
85 189
307 516
374 65
451 170
181 205
16 396
49 141
223 466
503 59
56 93
231 204
517 302
278 431
220 417
282 314
77 101
70 10
423 312
77 489
285 431
138 259
8 235
217 132
219 233
39 109
76 55
448 236
432 349
175 89
162 378
403 397
348 418
501 182
148 92
106 168
9 428
118 52
520 44
73 406
412 470
31 55
271 96
336 267
235 286
232 367
144 419
391 188
221 495
168 523
416 435
203 95
140 184
251 124
490 343
473 239
267 468
414 360
262 521
295 96
455 261
469 283
250 247
488 444
25 260
221 432
337 370
425 330
398 100
450 96
2 157
253 494
339 327
160 159
122 88
29 394
284 232
38 19
489 394
505 22
441 334
283 251
31 496
517 88
479 195
129 143
340 131
325 120
9 249
209 364
295 279
333 193
95 187
261 149
340 76
386 485
242 441
220 62
294 410
156 151
63 106
19 262
119 18
267 380
240 444
512 301
367 86
212 217
380 265
311 166
475 441
521 260
365 115
138 465
142 393
489 99
270 418
301 470
202 184
470 443
43 183
233 335
451 29
18 65
368 103
332 53
212 284
505 35
386 375
76 195
319 290
366 152
394 438
308 457
456 328
496 72
93 6
223 281
354 432
43 273
59 136
73 500
290 226
188 308
507 198
172 315
450 204
326 456
512 279
233 354
345 175
457 334
68 415
92 29
335 332
258 517
297 195
407 287
247 402
428 275
88 523
332 420
208 301
134 389
251 465
34 114
348 266
444 377
72 388
464 164
484 423
153 181
73 445
309 521
96 486
151 261
30 447
442 258
159 469
67 168
167 438
388 27
131 253
94 324
381 75
176 512
72 13
236 168
161 352
311 7
303 246
392 355
105 66
279 51
504 140
120 190
192 345
285 391
415 522
277 222
40 86
385 258
496 229
57 53
260 193
421 162
75 224
115 292
217 242
111 19
194 112
452 230
166 356
211 310
312 173
308 423
389 71
177 118
159 218
314 28
371 41
67 245
490 344
71 238
356 196
74 504
299 351
209 442
82 361
476 311
517 462
137 513
255 380
111 284
455 174
135 127
72 515
124 510
269 24
136 499
139 250
231 138
423 63
37 445
237 394
386 491
129 231
26 325
154 412
31 443
173 215
94 24
70 201
231 251
107 258
187 6
244 383
73 57
481 363
358 41
26 407
476 288
281 21
2 183
331 281
454 272
173 243
74 488
303 168
486 212
273 278
357 503
239 49
252 443
194 228
344 181
373 357
216 16
211 161
280 300
119 57
487 209
272 435
114 314
50 388
481 356
270 441
129 281
493 15
66 216
470 367
384 445
481 114
367 519
111 217
492 152
424 92
71 365
272 416
454 184
274 345
198 447
512 232
218 234
352 463
194 413
137 418
390 498
89 108
259 277
337 283
25 163
213 34
350 196
426 346
362 435
282 111
315 324
287 268
177 324
436 143
176 359
134 48
486 48
503 30
381 165
320 491
415 106
156 31
227 124
337 423
3 473
12 345
249 474
336 71
158 68
58 171
81 121
40 254
344 323
169 504
70 355
502 90
342 464
210 327
362 233
214 209
402 508
5 320
251 514
241 285
60 140
182 345
112 184
19 145
450 338
150 292
242 458
228 35
505 206
235 367
475 106
3 326
16 445
254 116
279 17
445 470
342 211
325 226
359 399
387 249
341 370
427 457
147 306
251 149
456 414
165 275
472 276
403 353
519 11
367 172
194 196
488 192
176 122
77 307
512 145
469 416
49 469
122 481
389 214
190 219
171 113
45 291
157 319
141 496
116 92
445 310
306 101
461 510
71 347
311 345
509 182
373 342
133 34
456 352
516 372
325 50
197 390
104 436
439 163
291 45
26 102
235 97
31 208
385 335
306 378
347 295
141 295
434 445
309 59
401 338
86 127
283 325
448 510
4 400
106 169
347 323
259 71
258 285
25 488
400 203
22 504
106 210
167 80
522 147
76 58
246 185
246 35
195 320
504 50
207 359
44 328
498 204
19 77
253 444
132 384
478 148
212 176
268 207
491 346
109 184
428 498
54 381
353 205
211 109
109 206
1 299
427 341
371 446
431 365
409 476
403 191
43 90
273 75
50 86
213 392
111 84
483 171
140 95
427 429
117 138
144 178
37 221
231 7
309 122
53 358
132 186
323 351
90 147
351 444
256 498
493 33
375 224
393 523
166 187
402 336
243 107
430 351
161 127
8 135
15 105
375 412
307 263
337 323
126 213
365 501
86 475
172 112
444 176
83 311
167 257
22 226
176 320
315 348
332 353
397 93
141 124
53 474
272 255
154 223
515 400
375 308
234 471
421 389
37 311
109 28
18 152
248 402
127 131
205 396
155 335
483 475
400 432
94 370
457 176
204 175
64 459
371 431
102 352
42 74
29 38
276 155
174 392
480 226
203 85
360 158
255 366
224 520
285 189
414 487
505 83
26 419
405 238
429 75
271 140
181 27
347 515
57 279
320 292
294 220
70 428
82 489
253 482
134 369
296 314
516 173
2 317
61 441
337 454
509 95
111 352
447 369
425 207
267 233
85 508
359 62
515 390
378 68
29 30
399 136
69 477
336 494
214 271
70 193
151 481
128 471
222 432
339 20
230 265
146 363
192 144
266 18
382 87
66 93
230 321
83 469
200 191
320 69
392 515
359 455
217 431
257 515
83 277
95 160
325 196
490 418
204 78
399 166
151 458
305 369
218 464
77 34
27 304
27 124
62 392
143 126
316 362
240 102
191 381
10 56
281 358
232 262
58 354
425 26
210 267
444 148
62 274
502 222
94 112
508 123
357 410
65 45
94 385
289 197
268 329
185 498
21 178
66 155
172 170
275 2
121 354
267 404
199 301
402 183
301 151
192 32
458 330
253 247
68 316
112 81
416 41
181 316
458 359
127 321
72 251
172 492
461 95
2 249
413 485
518 123
70 294
420 304
311 465
15 137
502 324
194 495
402 51
251 186
168 33
389 253
32 507
16 180
271 96
64 289
305 480
447 363
260 265
343 77
367 400
1 436
426 30
280 50
72 218
84 235
285 311
106 90
413 333
416 415
198 84
262 396
340 336
127 147
474 345
252 332
63 319
402 396
181 72
240 200
281 122
240 462
486 444
325 132
412 81
8 181
455 67
366 483
39 208
56 274
254 88
429 352
27 480
438 351
344 13
370 305
324 393
351 343
413 112
443 407
14 268
226 62
337 247
87 314
162 193
372 447
230 425
132 428
71 62
298 38
412 48
318 391
15 1
83 416
402 214
272 120
164 235
208 432
97 415
151 80
470 463
255 274
263 501
419 299
210 180
344 300
64 213
420 473
14 50
322 304
73 233
10 381
274 516
456 307
413 144
241 343
291 425
54 48
59 483
255 426
267 311
381 504
250 108
419 49
29 327
18 15
151 256
207 144
138 468
57 27
332 461
360 140
442 316
352 209
111 124
121 350
491 426
324 384
141 35
39 154
502 40
410 297
373 186
272 447
208 60
109 51
15 155
135 237
15 335
491 331
410 427
484 440
212 504
193 452
304 117
322 512
519 349
461 31
139 493
232 334
83 291
354 429
480 151
275 360
413 359
237 32
69 157
7 256
437 395
159 441
217 321
45 201
127 225
413 221
408 107
79 134
378 22
195 417
378 214
448 345
260 102
251 165
425 268
233 102
282 472
301 105
440 330
8 461
300 454
374 479
286 281
447 44
270 19
491 496
187 107
110 329
73 174
297 25
62 339
351 409
435 177
470 192
132 473
248 390
342 147
13 444
509 18
109 465
239 228
35 490
388 373
309 24
320 361
21 293
220 261
454 237
78 146
41 265
111 353
252 314
99 38
311 308
82 195
408 492
4 458
332 508
358 84
126 495
26 313
128 284
455 257
228 31
163 367
225 507
4 415
428 354
367 362
496 269
466 107
66 380
499 434
503 231
514 264
473 512
228 501
3 135
53 449
233 171
39 515
275 48
150 223
521 196
186 396
360 86
240 8
244 243
19 171
458 174
71 490
466 147
83 390
406 405
9 106
434 423
2 98
92 219
493 177
47 24
493 67
375 262
505 193
48 494
190 407
203 373
288 155
258 51
158 50
477 297
155 110
125 346
494 493
386 521
35 230
172 159
293 95
169 171
172 394
395 48
452 443
280 481
294 431
125 490
344 235
403 318
444 173
144 331
365 285
497 70
510 509
65 451
276 198
504 31
247 486
288 313
523 99
85 156
28 5
390 259
493 423
185 370
223 47
48 243
40 437
328 373
105 48
264 470
364 31
519 297
253 452
54 194
281 148
465 482
487 361
246 160
96 307
162 138
82 478
498 281
238 47
71 408
355 187
273 301
263 162
130 109
334 289
82 301
433 428
185 89
164 319
170 397
365 451
69 249
303 364
196 176
238 11
203 444
409 133
479 489
78 322
314 37
312 70
8 493
237 253
5 317
444 334
472 471
504 438
427 299
175 93
249 470
395 403
151 496
515 160
421 268
451 163
474 143
50 428
68 101
128 349
160 111
310 504
320 456
40 17
292 1
98 400
204 107
332 192
333 108
11 204
160 307
411 481
343 119
245 321
420 96
520 372
225 32
96 230
195 206
422 73
132 78
410 120
213 518
316 273
141 166
511 175
518 302
243 270
36 483
48 460
411 209
83 186
211 336
57 367
513 360
203 380
40 373
215 288
203 361
307 102
429 120
61 60
182 280
249 220
147 236
314 427
145 424
117 193
264 2
114 92
146 168
423 497
312 409
73 26
109 181
243 424
376 412
239 402
87 354
82 195
173 280
384 57
438 388
388 496
427 48
457 242
466 53
281 406
459 113
324 411
501 82
353 285
473 226
390 279
412 93
404 119
100 112
201 402
27 385
437 337
221 124
99 48
502 447
157 142
495 197
449 128
354 232
113 237
326 429
143 204
474 170
510 29
457 341
56 387
476 360
466 343
330 309
67 138
253 212
377 140
191 245
8 207
506 208
24 69
133 173
230 7
484 94
247 491
137 313
71 109
98 370
263 158
303 355
112 408
36 5
367 20
480 166
236 105
118 160
258 43
158 7
111 122
321 510
496 155
432 360
3 305
334 376
292 350
21 402
440 444
107 486
391 414
197 430
12 130
19 176
3 119
119 149
296 362
489 372
314 33
321 373
106 258
303 65
97 58
15 192
521 310
76 509
36 358
457 122
390 72
148 281
433 55
430 158
84 64
44 65
75 302
324 401
327 109
84 471
453 104
352 109
28 100
341 111
482 193
199 85
263 408
522 248
105 370
102 291
396 459
89 486
324 162
192 132
346 283
175 381
334 49
127 266
235 466
58 234
63 92
334 150
270 462
290 481
436 98
498 307
163 121
188 61
511 258
353 434
276 98
337 237
146 245
473 190
441 133
6 396
58 374
268 227
213 341
220 144
32 416
326 191
495 63
203 495
316 397
335 130
69 97
252 350
172 238
215 379
18 402
119 464
245 473
217 184
82 520
382 200
326 316
324 471
479 300
170 267
392 77
277 162
75 493
200 414
230 29
18 220
260 34
239 78
450 359
74 223
159 12
357 144
523 28
248 253
160 311
3 366
239 105
490 394
402 93
57 285
1 456
374 131
397 167
13 207
301 126
307 463
460 358
43 378
144 189
345 432
284 91
198 280
19 472
23 130
55 464
306 334
465 358
40 269
17 478
237 304
234 246
108 299
221 288
378 88
437 88
255 88
256 449
406 435
319 251
263 149
417 16
351 51
447 112
445 127
416 84
245 2
282 438
67 353
369 38
101 500
46 140
146 131
233 486
309 75
222 409
340 192
103 72
17 404
491 56
307 500
90 457
283 182
518 274
289 191
1 344
230 162
31 299
167 460
30 413
154 447
138 398
347 179
119 449
235 512
25 45
293 152
379 123
310 232
98 404
516 230
33 17
507 105
344 225
238 25
58 507
39 496
207 110
441 8
216 143
68 475
373 195
229 3
406 409
114 312
346 184
325 241
360 157
349 45
480 288
379 316
506 480
499 256
218 102
515 121
381 192
117 195
258 508
167 483
468 280
469 129
170 294
504 29
39 371
128 269
271 452
76 195
436 190
206 76
51 218
126 47
523 142
315 519
510 203
271 9
417 492
95 404
399 208
484 257
121 283
446 78
473 188
16 42
187 223
370 268
393 6
468 139
164 336
126 59
445 206
318 255
78 265
96 255
48 346
482 24
197 291
75 301
188 240
236 259
91 251
87 361
95 81
316 522
36 167
6 41
401 360
77 300
270 54
513 1
79 481
256 126
162 231
246 317
476 500
164 201
483 447
278 273
181 121
377 222
491 65
202 521
463 194
90 10
74 490
278 116
485 415
328 66
291 314
345 250
85 340
413 410
438 188
204 141
227 72
60 413
7 233
127 89
28 452
25 70
460 416
148 133
163 110
304 236
450 221
30 28
155 7
223 207
455 67
97 108
186 356
258 482
378 367
155 198
336 431
326 336
297 485
370 8
339 419
159 242
406 336
326 8
139 260
411 170
76 279
470 518
31 85
146 232
425 155
365 148
343 135
65 520
179 221
307 291
401 144
355 38
473 518
514 17
343 88
210 253
261 45
279 42
54 394
483 9
133 142
167 323
61 247
203 280
382 152
520 478
475 111
9 390
398 14
368 334
432 386
489 517
89 513
313 332
146 350
393 119
399 429
320 15
440 78
22 283
388 353
10 202
499 356
359 91
147 426
197 128
333 349
138 12
127 486
19 146
48 308
154 442
259 266
124 267
189 387
493 509
373 95
320 259
304 270
292 246
28 226
362 234
416 139
316 334
273 191
501 43
387 324
102 433
236 504
189 374
517 480
42 470
347 162
299 267
39 34
2 172
157 352
70 391
177 71
80 35
89 424
106 264
474 519
249 111
58 298
197 83
153 190
472 136
38 16
179 472
277 79
240 372
343 395
409 177
487 218
517 456
207 62
31 104
132 243
344 118
396 377
303 459
28 40
499 58
280 178
459 328
15 296
461 300
426 222
277 338
41 171
185 172
457 126
390 471
408 41
408 223
152 17
406 465
443 388
447 437
285 300
139 454
297 434
349 266
351 360
74 452
459 81
187 140
166 264
219 501
452 379
257 406
327 72
455 481
428 370
419 297
163 367
39 304
84 367
208 137
23 227
476 34
267 113
36 433
23 150
77 369
414 35
345 184
268 140
89 286
197 405
486 226
301 173
83 35
402 341
68 116
132 472
398 211
126 358
338 188
512 151
397 265
315 211
229 23
24 452
253 503
174 253
66 327
89 216
298 361
508 291
21 274
353 236
432 24
440 329
508 70
442 401
371 290
220 385
116 509
472 262
113 364
214 258
201 260
456 467
466 26
127 275
103 86
94 27
513 192
120 172
336 467
226 59
479 390
486 330
460 459
215 37
162 248
33 260
39 237
478 182
218 154
438 330
509 402
189 447
318 460
386 519
430 493
346 181
115 27
172 465
82 317
463 134
292 514
80 399
181 390
423 295
100 128
220 299
91 48
266 384
227 188
426 177
427 171
473 422
285 297
396 76
323 106
79 434
318 515
1 157
383 376
208 411
270 355
470 427
345 128
162 325
334 390
284 277
42 125
447 264
135 260
53 194
327 318
329 144
339 173
147 186
179 443
283 440
188 369
465 439
507 510
211 196
203 70
23 16
522 305
73 431
266 19
49 368
158 465
317 517
197 315
387 412
244 464
158 300
502 61
484 10
343 311
292 424
198 514
416 236
123 199
501 450
283 25
450 20
239 267
24 325
45 275
314 246
83 275
403 11
253 386
385 393
398 17
164 460
15 243
509 374
363 251
319 438
461 465
23 45
63 443
377 464
215 154
186 101
241 358
183 417
367 167
225 241
333 386
353 322
135 30
370 408
295 437
148 434
356 437
468 424
41 523
86 148
255 131
186 222
131 471
67 166
366 26
15 123
119 290
175 109
433 363
457 179
303 246
131 216
394 174
23 457
158 50
455 445
221 398
387 73
258 480
60 225
462 45
443 346
237 475
76 81
52 341
275 476
234 301
105 64
81 418
49 460
266 110
314 129
243 279
453 215
180 268
193 447
2 20
62 209
251 408
270 158
420 101
481 508
423 221
298 304
356 206
323 44
414 275
355 94
367 244
443 44
461 247
124 105
211 83
479 73
146 123
347 38
178 82
455 230
15 382
317 160
255 132
278 420
285 346
416 12
344 259
18 480
92 21
277 21
8 459
439 504
50 215
208 489
504 100
36 57
217 11
45 187
160 326
380 470
415 281
466 212
78 359
285 270
337 464
444 102
348 38
352 261
249 421
406 155
372 171
267 15
407 241
269 285
157 487
35 80
80 265
408 445
422 49
456 386
324 428
471 195
503 337
262 70
204 230
471 442
135 27
439 420
423 210
423 79
189 347
312 45
371 16
9 418
80 401
492 5
108 383
319 53
246 382
202 402
345 323
182 339
460 248
56 32
199 380
68 370
287 456
432 418
257 410
38 140
351 456
99 322
266 112
104 166
191 342
150 434
495 320
207 180
50 338
273 147
275 223
149 319
216 159
91 20
488 188
161 304
46 79
104 249
376 242
469 130
512 335
459 377
256 174
361 401
283 251
285 96
464 360
444 142
102 127
8 371
58 375
97 212
52 103
183 277
402 164
93 78
165 223
135 317
84 512
340 152
413 228
393 443
42 162
279 382
109 84
227 321
421 57
366 476
470 177
495 459
352 419
264 221
476 409
173 59
448 384
15 369
342 325
432 183
322 497
519 319
392 205
71 400
203 393
377 106
332 320
287 272
45 175
206 285
303 198
518 28
438 426
124 87
4 211
397 484
282 323
395 433
443 423
240 295
506 503
352 428
471 84
342 461
461 482
462 83
150 228
122 373
502 437
160 193
82 499
183 330
482 223
408 184
298 309
296 502
417 482
385 262
521 3
25 253
183 307
125 294
382 28
75 378
439 242
314 8
419 293
403 171
90 348
315 114
217 124
127 165
515 506
113 147
116 176
109 257
269 115
454 77
298 133
209 168
501 223
275 280
417 482
423 483
113 315
298 81
10 161
234 127
184 517
381 472
250 326
434 438
473 419
456 34
506 216
56 484
26 510
321 308
52 201
1 55
341 258
497 388
63 477
