497 679
232 350
193 24
153 453
58 31
164 474
437 64
99 280
172 431
30 56
130 444
283 314
329 2
273 47
452 130
471 117
334 497
208 459
295 386
453 34
159 472
76 123
158 23
324 485
103 364
149 118
110 475
454 447
9 389
281 316
436 356
449 154
191 23
116 201
119 254
434 139
215 340
16 175
97 468
193 400
395 151
24 310
100 40
369 225
420 21
279 135
226 167
304 107
262 141
384 277
149 435
206 183
341 404
295 222
162 229
438 56
198 417
78 193
379 119
159 253
130 431
349 89
71 139
58 62
379 55
18 333
54 90
228 243
153 65
148 59
389 262
95 326
282 75
27 172
454 154
346 210
388 97
127 306
251 205
148 115
359 440
22 330
111 289
264 395
90 300
483 208
275 55
241 374
127 5
358 277
43 407
121 232
163 169
462 372
61 473
233 75
189 182
349 490
76 302
260 101
14 450
35 303
197 263
166 182
311 481
380 447
187 494
477 63
193 81
400 222
306 342
58 461
2 193
421 295
277 122
389 7
96 330
300 182
21 292
361 78
164 75
420 127
31 159
453 250
338 480
348 297
226 387
356 71
71 472
447 383
180 239
250 79
107 458
281 120
244 458
311 71
49 362
190 111
301 327
272 363
373 253
340 245
15 268
412 275
64 407
228 432
339 408
311 454
134 454
477 393
381 457
494 121
384 26
403 406
445 448
343 131
64 386
159 440
417 192
64 362
91 353
263 473
116 383
116 112
61 233
212 470
296 464
201 417
358 340
430 387
299 155
182 60
113 487
95 358
55 284
116 214
197 354
104 55
75 119
330 482
393 14
30 359
370 416
63 457
433 445
314 485
350 101
154 314
30 317
335 425
185 489
482 78
351 210
263 160
220 471
415 471
305 389
317 40
38 329
457 156
207 123
221 28
147 436
286 177
305 299
112 247
313 392
50 114
77 264
91 181
334 107
352 292
388 240
128 322
297 202
376 68
172 290
336 144
105 125
445 157
195 299
391 5
304 430
125 277
419 486
217 422
15 38
151 388
364 221
452 373
203 482
267 413
348 180
306 68
109 194
61 456
60 312
26 211
169 463
279 60
355 410
174 130
348 44
349 18
399 306
440 238
118 390
485 368
210 17
384 49
64 412
351 305
196 123
257 72
91 44
362 307
128 216
71 194
216 85
345 49
5 330
239 17
46 25
205 495
327 202
465 361
204 303
102 247
26 165
288 221
402 392
192 432
160 339
480 37
322 2
68 374
420 155
443 493
27 294
395 210
111 181
450 403
400 282
307 243
296 167
355 240
122 307
407 11
309 3
169 69
295 178
437 114
226 483
59 291
264 84
431 127
457 175
5 198
147 131
52 308
370 40
89 284
2 266
441 170
332 62
241 121
444 323
247 151
429 203
216 494
370 406
409 416
374 447
315 170
17 10
27 332
456 61
300 245
132 141
404 373
296 463
81 306
392 147
288 324
118 268
411 34
324 49
137 100
53 311
149 29
372 88
78 40
360 390
167 176
195 155
37 36
18 140
188 36
418 145
140 246
434 176
395 256
162 249
145 389
177 358
251 96
262 133
447 395
113 232
454 62
239 449
174 36
193 284
306 403
393 381
121 135
77 423
318 407
351 94
299 75
97 106
282 138
432 181
57 474
414 248
381 494
1 393
163 358
16 181
186 164
284 156
319 288
136 396
467 4
468 461
156 111
398 23
138 282
261 400
178 193
190 369
382 102
420 428
158 176
260 38
428 30
324 157
232 81
354 496
198 342
383 172
475 81
299 474
136 99
289 486
248 361
111 348
87 442
454 494
74 411
351 97
443 160
434 106
380 223
114 186
63 411
292 199
468 283
185 432
401 288
225 127
454 450
443 186
112 266
54 40
190 295
357 388
20 406
237 415
99 466
261 245
84 436
478 123
135 203
60 371
303 332
238 34
297 352
442 156
137 318
289 39
368 131
401 207
338 186
303 402
238 154
396 249
482 57
459 368
316 229
256 33
14 191
390 356
488 297
284 371
5 127
121 484
208 307
225 401
368 363
214 154
89 204
241 352
369 324
462 23
40 383
34 348
242 18
386 308
103 400
27 103
156 351
308 145
79 410
19 298
67 88
13 238
287 30
395 141
409 401
328 311
145 318
369 496
217 360
368 121
343 57
211 485
20 459
37 493
348 143
441 224
240 28
363 259
51 336
290 105
265 496
352 265
443 159
42 428
131 132
198 66
143 339
371 337
398 294
122 244
302 139
434 39
443 418
279 429
349 263
18 340
457 357
100 351
87 96
400 138
210 30
88 264
351 393
426 459
79 421
53 127
235 369
279 82
356 239
235 256
253 68
300 196
209 322
353 173
156 289
81 333
155 491
429 198
92 413
271 338
92 37
285 411
40 64
341 276
132 56
232 124
200 234
230 8
129 122
399 308
173 14
389 130
151 440
418 419
329 335
316 451
186 479
213 489
300 302
264 316
475 403
446 406
62 203
454 37
295 140
156 419
469 422
270 111
488 169
95 352
313 336
25 99
11 149
317 90
283 325
113 295
316 224
220 28
54 92
183 480
36 393
93 229
124 105
26 96
222 181
109 182
331 128
157 171
310 229
402 332
198 125
406 89
130 257
309 329
72 149
147 265
321 448
376 27
262 441
360 444
406 153
43 418
171 211
112 144
429 78
495 262
271 272
82 55
466 267
10 387
415 347
282 5
269 159
50 497
209 409
210 351
287 402
41 192
263 307
130 354
152 104
224 79
189 96
306 190
449 205
458 255
186 227
71 350
149 289
423 219
214 460
451 65
62 37
126 123
471 449
167 21
101 134
128 432
135 440
357 90
76 90
85 130
178 114
372 440
85 465
19 145
354 39
96 108
373 431
93 334
106 464
487 61
457 453
244 139
448 7
353 296
40 102
461 189
378 4
129 55
421 464
202 280
234 138
340 164
445 416
204 203
263 176
461 407
358 362
310 67
81 204
376 226
54 115
186 451
212 165
356 52
351 369
302 207
488 53
350 56
99 151
237 403
313 449
112 268
444 348
415 345
415 221
366 170
326 408
356 208
314 233
479 428
354 358
182 464
254 66
