173 762
97 22
120 36
31 90
168 52
94 144
4 157
91 159
26 126
86 64
113 154
31 91
90 34
17 130
4 113
158 16
23 91
172 102
52 6
130 107
87 108
87 146
43 143
15 49
108 98
39 12
117 115
15 96
73 132
125 140
112 135
132 136
71 86
167 131
61 78
173 2
65 49
79 162
149 134
119 168
101 148
96 91
90 161
127 93
9 61
153 157
14 69
115 11
33 37
89 165
164 77
19 22
70 3
14 93
101 120
118 37
170 134
162 82
118 95
151 112
21 117
97 32
72 123
88 72
135 170
162 64
138 65
110 72
47 44
120 29
79 41
88 100
166 163
57 73
39 112
75 66
70 71
41 120
32 53
11 55
114 143
156 155
88 129
110 86
110 89
94 75
128 91
103 61
80 104
77 84
36 25
21 130
29 126
73 34
30 47
21 131
170 101
54 118
68 151
122 35
107 88
154 51
127 168
139 46
72 41
141 80
46 32
55 162
164 54
125 109
41 73
171 108
94 28
133 137
66 50
103 76
134 153
34 110
77 54
67 5
3 137
158 172
87 23
125 136
25 124
30 34
116 72
17 167
44 15
21 97
80 135
161 112
17 79
31 171
26 158
4 170
88 155
62 39
35 159
64 145
5 109
3 125
50 48
135 142
127 73
87 169
78 6
91 13
57 116
144 119
59 170
27 157
10 11
158 171
44 149
60 164
152 164
8 137
81 12
26 138
6 74
44 69
43 153
28 88
142 47
128 48
138 51
33 28
24 3
152 62
58 47
64 116
137 139
124 151
10 120
114 73
97 150
139 131
47 134
137 43
109 75
57 141
49 41
1 130
132 144
41 20
134 48
74 161
80 42
19 22
138 54
171 70
101 29
42 38
130 121
95 148
29 84
47 141
134 161
97 59
163 117
49 22
109 48
161 72
144 153
14 153
105 141
120 59
152 24
163 88
64 89
104 109
84 113
120 43
118 134
99 125
118 173
140 128
161 74
137 173
168 156
71 12
83 171
165 172
161 128
30 2
110 29
157 68
3 135
36 79
117 34
111 113
69 104
170 153
16 9
55 167
41 67
46 97
29 95
21 58
150 2
72 27
8 164
115 6
89 166
8 163
163 141
62 7
5 119
144 168
74 87
108 142
127 132
20 98
23 134
80 144
32 16
42 77
167 101
59 115
40 99
18 83
155 60
53 23
66 170
22 73
20 77
55 128
15 93
66 91
136 50
154 163
128 100
30 161
119 35
57 92
155 12
42 152
143 141
112 49
81 80
11 21
88 85
153 94
8 53
8 144
56 2
81 6
93 120
120 98
60 128
44 19
122 87
77 56
3 121
151 80
19 148
99 95
156 23
155 89
71 124
168 25
81 141
36 26
51 156
132 92
166 165
55 69
101 9
102 101
151 91
170 32
114 135
123 62
110 111
128 54
148 97
37 80
137 150
146 79
16 50
24 69
102 84
128 126
54 99
58 167
159 13
110 20
74 132
32 161
61 2
173 48
133 69
76 164
17 81
108 27
25 111
81 125
22 87
106 137
71 111
152 51
166 136
4 3
87 169
19 136
70 139
114 83
146 26
20 171
89 1
142 81
127 107
65 98
78 71
21 161
131 156
44 107
86 99
29 66
94 18
97 3
68 138
26 55
31 103
58 17
42 90
13 23
110 67
46 66
148 58
16 110
41 58
34 132
107 130
37 95
69 45
14 76
159 1
42 150
115 75
90 27
135 159
144 164
9 19
167 158
1 124
143 145
172 116
22 162
37 151
104 128
53 51
3 89
66 60
161 37
69 65
167 116
17 134
156 85
22 112
161 66
10 89
58 114
97 93
27 97
103 13
137 46
136 49
129 157
161 49
136 100
16 131
9 122
2 164
84 144
61 65
166 30
29 12
56 10
155 111
94 38
17 109
163 83
104 96
52 57
168 74
86 61
66 171
93 87
126 62
47 53
150 17
22 87
5 107
171 57
13 158
83 82
5 127
96 28
40 73
74 119
84 156
163 22
112 101
137 123
92 2
123 147
16 99
163 45
114 126
78 41
28 173
48 26
25 150
120 86
134 21
49 170
20 66
19 4
20 151
22 27
156 168
69 79
161 56
34 7
66 79
80 117
11 83
149 8
34 5
149 119
21 117
13 92
157 98
123 72
144 169
55 26
142 146
88 10
56 76
142 82
4 83
88 72
8 67
75 122
100 17
98 152
152 42
131 141
91 126
168 66
155 78
138 84
90 113
123 51
96 133
83 155
21 20
72 23
42 84
109 86
141 155
9 67
171 117
141 74
56 111
79 171
31 38
72 170
10 99
118 88
133 143
25 121
51 106
80 43
143 138
91 157
49 98
15 151
114 165
151 87
62 68
14 35
84 35
3 88
61 47
11 61
79 118
138 97
139 12
160 128
74 60
110 66
64 156
154 131
79 43
81 52
63 99
93 107
109 24
157 145
14 121
16 47
43 56
37 168
38 109
59 106
65 168
4 73
140 36
90 159
116 37
5 16
80 86
37 95
159 20
169 54
111 122
29 35
55 32
136 6
123 13
22 42
125 87
83 128
146 151
99 73
130 108
24 102
88 126
125 80
16 154
121 103
153 9
11 173
128 166
32 142
47 115
160 25
21 54
131 38
101 30
167 60
33 18
160 123
26 139
112 25
21 120
90 4
15 120
91 92
149 72
61 125
39 24
46 18
110 160
39 150
2 120
49 119
10 43
86 76
158 90
108 73
48 152
120 54
89 100
126 144
67 80
92 88
39 142
96 48
138 88
42 103
79 128
132 153
113 42
43 93
142 122
87 118
6 45
118 79
155 135
94 67
31 11
162 119
117 136
116 22
59 35
35 166
100 6
2 133
172 89
65 36
32 39
111 146
21 8
65 75
83 59
148 128
90 76
107 140
63 33
138 113
4 34
28 114
113 28
49 33
77 113
63 155
129 42
28 44
12 159
163 122
148 156
56 82
71 98
127 147
84 28
163 21
135 67
109 95
28 140
31 124
115 58
52 130
84 80
88 163
114 67
130 102
150 87
108 65
140 15
147 48
14 98
4 97
162 113
82 97
151 54
40 115
126 57
159 105
16 74
121 33
28 63
54 146
88 27
74 105
33 57
154 65
144 84
139 78
22 60
34 101
131 81
67 50
24 29
164 148
123 172
41 70
39 108
54 159
102 145
107 29
1 144
155 120
52 119
67 80
42 8
161 52
31 108
92 136
39 87
152 124
163 119
114 42
152 4
118 128
149 6
71 20
29 119
144 48
169 80
39 111
111 6
3 120
68 75
39 127
154 83
27 119
76 29
73 138
144 76
146 5
151 13
118 113
81 128
82 96
163 111
56 4
151 69
148 8
20 167
168 145
112 146
76 94
7 11
116 48
142 166
141 136
119 167
124 52
56 60
85 5
91 52
23 30
21 49
72 96
62 19
137 17
52 85
49 6
141 112
