699 3827
249 6
495 19
283 391
320 166
73 445
312 658
404 286
635 364
516 487
440 662
627 451
351 569
39 320
560 48
196 222
690 231
528 496
562 6
267 36
678 391
153 27
491 417
49 355
655 297
666 38
551 604
464 372
355 635
343 259
310 455
249 466
408 271
233 296
436 667
79 323
193 520
206 697
425 135
265 153
528 43
314 155
18 141
81 658
633 192
400 607
563 325
654 565
659 234
221 111
106 395
194 229
379 396
406 313
582 41
528 234
342 432
219 206
259 24
161 406
20 73
568 318
19 375
651 589
671 326
293 695
688 174
662 268
154 682
655 75
254 604
35 352
475 502
105 193
422 240
54 695
392 171
252 441
644 225
24 33
448 591
148 206
192 343
137 121
246 12
482 216
580 379
24 58
389 384
611 589
494 542
640 185
647 497
460 609
412 559
465 665
13 660
494 341
364 154
475 11
394 200
620 441
678 27
80 160
537 87
574 45
596 51
177 144
570 456
125 275
469 623
251 84
117 142
83 561
69 638
281 671
201 299
643 533
403 662
535 377
311 390
419 516
232 213
541 538
110 196
32 683
106 337
514 396
24 117
582 672
130 163
434 514
365 615
215 462
231 627
135 178
150 628
535 342
88 602
225 642
42 177
498 136
6 85
229 300
303 218
191 354
610 688
183 411
480 104
177 676
682 233
612 194
86 657
577 273
346 32
250 484
450 418
349 375
516 364
123 172
304 689
369 561
420 664
376 540
334 115
187 439
612 638
178 217
499 282
607 17
275 2
536 538
137 527
214 687
364 13
649 154
620 683
252 221
324 603
107 677
100 304
452 212
73 274
236 242
12 36
664 635
27 674
27 397
660 43
687 22
604 273
187 287
393 146
666 284
376 523
292 279
213 590
632 649
26 395
376 590
630 242
470 606
67 397
537 138
28 382
559 406
240 26
23 134
338 546
555 675
474 228
323 235
329 104
676 686
247 327
34 4
666 423
431 24
619 338
381 594
595 215
257 275
186 324
463 225
102 69
519 574
107 622
42 370
70 41
191 309
148 667
690 382
604 660
50 265
277 613
108 237
351 35
150 528
380 486
160 339
291 467
27 639
657 42
220 9
584 473
328 197
256 586
580 606
419 91
668 375
361 562
382 329
522 228
627 239
539 555
467 3
613 230
161 73
405 626
513 492
630 495
565 149
152 640
474 300
627 113
424 673
539 310
653 583
577 439
323 136
590 5
201 606
85 310
141 105
207 37
253 283
288 73
577 119
438 450
492 537
617 263
144 667
692 274
689 106
216 545
182 104
144 263
611 417
448 593
372 244
331 53
442 507
374 125
613 32
609 137
599 513
74 506
322 28
375 451
501 462
572 530
347 382
408 280
483 21
72 433
408 402
533 490
412 556
108 288
427 69
600 647
140 697
301 7
310 291
207 58
94 97
234 129
488 209
256 49
102 438
5 485
349 175
407 502
591 376
7 234
654 451
488 601
414 410
137 281
200 160
313 691
525 560
522 603
394 588
86 312
169 421
271 672
236 697
672 454
353 81
139 251
201 35
105 352
156 229
15 614
20 192
106 550
597 497
469 479
453 473
240 316
17 46
681 149
499 455
174 182
614 555
23 374
49 111
237 475
129 338
142 640
250 611
377 121
476 559
488 40
393 442
285 123
37 335
542 698
523 485
524 123
328 380
359 53
289 109
653 89
263 291
371 689
243 693
411 629
631 166
350 261
166 93
413 237
560 454
669 184
317 607
470 68
543 76
246 632
481 25
526 674
260 218
561 441
116 314
522 447
41 40
576 443
670 308
212 97
115 13
669 503
361 248
442 24
233 339
557 264
446 571
153 66
545 442
221 317
287 538
669 620
421 523
596 224
490 579
539 536
249 450
52 570
75 537
352 338
615 415
640 39
240 690
99 404
320 264
325 213
564 80
16 250
300 126
594 583
574 79
620 207
357 392
172 12
99 311
397 3
555 208
501 223
250 199
437 652
65 657
168 476
372 598
447 260
682 267
677 642
344 164
332 527
544 276
267 84
94 365
23 114
347 179
685 516
203 643
572 223
528 536
658 197
135 74
368 265
216 333
636 672
650 223
373 270
122 181
370 670
14 325
41 308
428 220
534 84
670 674
144 418
354 513
329 509
24 420
263 334
396 552
307 228
458 545
153 380
447 602
566 356
676 258
169 621
309 587
417 31
664 564
157 631
228 583
552 483
479 26
551 503
438 523
280 193
161 329
300 166
420 181
311 281
588 118
317 457
578 506
511 367
596 670
147 276
687 482
300 582
505 46
293 248
419 145
5 603
610 653
334 129
94 57
312 146
111 651
490 671
539 86
538 73
573 480
168 217
488 414
4 419
184 128
318 252
344 604
364 331
275 604
96 448
146 459
371 351
23 381
292 7
608 145
474 685
484 136
563 594
226 597
681 409
277 648
215 677
70 693
511 25
489 484
201 432
520 191
271 640
525 186
21 461
59 89
12 468
573 487
666 590
6 176
43 154
95 33
495 428
116 309
583 290
621 380
611 134
419 92
66 368
693 210
194 13
614 11
4 532
497 627
23 54
282 393
524 33
638 298
115 615
582 341
542 218
195 362
8 12
372 422
81 630
605 390
626 308
236 498
18 387
162 386
168 402
413 573
360 209
45 612
40 542
464 677
207 535
561 361
541 684
214 647
452 192
588 270
413 444
316 40
284 89
679 528
164 686
470 36
696 509
509 211
288 684
400 619
410 237
230 72
650 464
180 98
626 103
462 206
137 241
692 224
293 241
420 145
636 436
564 577
137 217
688 292
501 480
534 396
568 666
105 508
247 527
97 493
147 547
640 310
228 387
232 240
641 193
631 427
305 40
585 678
573 255
627 380
575 16
381 164
43 636
125 644
394 668
301 86
476 545
527 652
543 491
52 40
151 672
42 298
243 159
11 587
149 173
317 2
424 232
688 417
590 624
601 624
410 297
191 83
85 502
30 59
546 629
658 619
687 117
575 30
87 651
28 82
104 163
148 659
640 434
106 41
330 561
461 27
293 638
657 394
691 627
589 567
638 456
60 205
393 276
602 195
367 161
440 558
674 148
653 363
675 47
286 478
475 349
571 532
260 94
474 645
491 519
673 516
375 434
372 517
189 260
65 600
568 143
264 413
672 220
364 227
144 422
579 379
483 15
56 66
329 257
74 93
226 255
293 92
230 85
96 235
634 444
644 245
511 591
494 210
129 217
551 289
400 382
257 643
388 62
192 493
119 631
231 340
196 103
278 81
280 540
136 209
463 202
110 414
147 333
596 512
128 446
331 469
32 298
285 48
522 176
96 225
657 344
277 592
647 281
36 571
355 215
486 132
221 699
460 53
372 124
421 436
608 657
433 237
88 451
593 200
557 600
159 17
219 424
256 459
561 543
285 434
438 452
635 407
290 635
8 626
503 316
224 45
117 647
603 68
504 647
193 554
470 312
207 345
316 422
350 448
350 241
425 79
427 343
654 136
149 574
74 396
568 250
147 496
384 345
637 633
64 654
489 69
249 457
672 47
504 282
68 132
581 166
218 599
686 79
474 74
464 368
320 69
382 325
568 150
12 139
597 540
288 227
264 136
1 351
371 40
195 256
506 350
124 58
114 48
520 652
316 20
494 242
546 308
213 184
191 265
313 288
174 495
400 530
599 11
425 52
42 174
481 651
447 574
362 414
260 181
348 352
435 155
62 461
48 141
159 193
671 95
111 275
107 241
460 547
20 626
460 174
525 598
517 413
40 347
538 198
204 161
132 54
361 441
472 5
654 76
53 127
512 136
124 651
335 62
77 78
480 40
662 640
328 532
684 441
364 278
207 161
552 213
440 138
177 625
511 622
202 27
675 639
227 400
138 297
175 417
500 324
181 348
276 473
227 524
368 522
89 341
99 266
11 139
480 621
609 307
194 365
116 233
284 45
46 574
98 4
435 79
522 109
109 192
274 172
162 389
154 451
344 530
666 518
158 307
108 267
691 392
551 469
132 687
298 614
684 365
79 223
210 266
391 555
318 124
65 651
61 483
651 274
456 278
30 562
36 559
486 440
504 344
145 443
330 671
606 485
3 131
391 552
58 136
579 353
53 111
54 217
404 544
69 226
686 49
688 406
298 175
692 37
266 318
526 633
86 68
173 290
91 557
260 317
673 133
21 355
309 340
35 238
605 451
229 377
555 79
511 155
454 71
608 633
628 125
251 340
517 581
114 47
313 416
527 333
97 412
304 73
102 148
183 281
65 160
171 475
132 84
216 272
694 138
627 42
583 271
699 252
379 469
645 116
398 121
369 182
22 53
484 143
289 163
519 327
560 38
396 511
448 661
246 561
424 430
546 57
334 643
459 233
463 394
31 418
319 688
285 185
573 460
156 593
276 494
683 237
633 518
76 268
35 525
146 520
435 398
236 568
224 321
285 73
383 539
258 253
434 496
535 282
400 513
625 220
569 373
274 650
160 244
418 6
117 199
273 289
139 284
416 322
152 259
124 34
258 517
359 512
540 408
440 234
8 132
623 206
657 191
135 318
57 261
213 36
159 663
121 333
625 445
311 352
172 619
211 247
291 220
532 87
368 608
634 513
153 224
631 632
102 487
44 587
155 317
228 248
68 595
481 367
327 638
428 660
126 6
465 343
408 310
416 140
84 628
506 451
658 50
333 51
225 421
151 643
131 246
650 495
248 350
269 502
291 432
652 351
124 114
478 691
55 124
181 189
597 517
665 445
185 95
188 196
389 606
51 467
172 214
444 477
180 296
403 195
2 674
585 629
23 175
673 513
96 156
238 216
191 270
212 581
84 263
305 261
26 624
85 517
207 426
609 33
193 404
73 480
634 569
549 693
3 94
273 242
170 629
368 514
588 394
697 1
658 680
158 410
61 530
281 322
683 243
642 331
518 389
269 268
438 69
343 258
116 36
121 70
461 311
395 632
288 580
678 653
82 208
128 330
111 80
521 41
626 57
178 90
612 476
283 57
409 221
372 697
672 258
473 643
578 445
94 213
541 404
398 213
561 260
370 151
349 326
57 564
53 493
646 602
625 37
471 435
397 158
558 677
306 144
452 537
222 404
239 56
538 462
226 666
595 281
331 113
496 16
583 119
428 249
409 495
583 283
209 426
651 448
229 382
248 566
89 612
202 162
234 637
474 663
174 367
679 640
87 294
300 657
578 354
383 244
305 73
35 317
131 120
194 519
204 36
3 572
622 84
117 6
478 461
270 52
140 15
332 271
216 24
522 401
111 59
214 542
313 486
417 203
589 284
59 158
591 577
261 159
271 135
367 656
600 383
499 330
169 451
494 526
467 352
453 363
475 693
377 367
11 683
525 618
7 134
563 73
99 139
157 192
196 481
317 135
193 503
52 525
485 633
225 581
310 434
612 12
411 594
253 59
223 82
382 513
629 651
401 497
339 656
634 126
631 215
545 304
558 115
261 294
31 180
465 422
628 252
392 691
578 551
423 410
72 125
282 621
267 492
327 277
127 41
590 539
271 294
590 36
124 652
226 177
117 152
191 108
226 367
588 625
220 284
487 54
120 294
310 456
124 678
602 265
340 599
332 583
200 460
682 518
55 526
318 681
633 209
280 679
476 647
395 563
27 145
642 610
300 310
62 124
644 100
304 576
78 425
430 605
625 120
63 410
472 133
441 253
317 254
244 411
408 623
49 600
102 650
156 656
260 377
200 371
72 482
382 527
514 151
474 55
592 393
2 200
16 118
87 335
167 169
622 9
673 441
106 564
215 158
634 466
496 118
169 303
153 641
648 399
229 689
696 416
449 564
145 535
581 44
379 464
297 536
314 6
427 489
294 519
30 74
587 338
399 406
202 555
502 640
485 13
522 331
654 34
214 189
548 470
451 636
593 279
544 609
514 597
252 511
607 215
438 325
89 418
221 291
556 316
170 109
627 247
232 318
458 615
698 419
185 556
30 76
171 78
191 300
507 571
606 559
258 31
123 152
277 624
314 535
93 62
71 138
317 149
415 222
575 33
443 417
340 216
413 311
342 212
214 697
343 212
367 531
113 594
124 635
606 630
697 699
477 52
76 451
426 533
167 418
446 65
9 459
589 406
582 55
130 613
639 433
449 613
417 401
243 188
373 464
581 619
91 13
174 294
22 155
369 588
75 26
324 430
614 360
51 311
393 622
622 348
386 219
461 527
217 437
445 203
148 110
619 34
488 615
336 692
242 117
485 538
692 409
247 542
360 158
279 531
502 643
151 508
516 655
315 560
441 239
241 532
681 462
338 602
491 369
690 1
626 553
311 345
16 250
293 204
238 527
678 528
458 461
545 203
648 484
303 551
502 694
540 148
285 191
154 688
507 204
529 400
21 300
169 376
108 592
471 309
7 630
138 332
608 64
98 174
441 465
617 59
174 549
470 322
29 254
534 115
397 15
347 497
678 672
219 200
406 687
59 183
568 499
440 648
422 683
33 611
698 364
501 200
165 88
388 378
199 121
506 88
498 27
489 435
443 667
407 588
672 84
393 695
485 677
262 113
330 8
306 603
669 223
20 223
22 241
23 340
574 566
644 72
463 19
261 528
25 211
253 433
159 43
355 564
217 423
346 362
347 72
641 464
104 604
107 127
129 161
326 536
95 223
693 682
608 201
189 423
528 235
265 211
425 405
22 281
471 28
84 529
535 653
431 437
432 386
32 486
285 365
302 155
514 225
279 337
603 192
494 358
37 441
313 395
694 140
525 360
243 523
428 563
411 405
549 557
26 68
663 300
43 225
568 476
216 76
518 490
43 525
619 576
531 425
587 79
613 407
280 398
75 325
624 43
601 190
434 622
193 241
417 331
666 437
665 342
154 280
497 361
442 575
455 614
363 674
229 452
26 605
531 695
341 391
130 373
287 647
1 462
580 486
450 271
624 116
518 84
553 559
614 414
596 418
164 454
20 473
111 12
524 552
406 619
166 68
578 56
132 618
189 127
506 600
328 61
193 633
150 494
69 174
138 48
364 149
280 472
427 107
594 672
455 613
572 205
50 256
345 675
32 550
165 344
315 443
458 284
248 510
151 223
230 195
84 471
597 552
133 351
3 515
444 635
556 49
517 605
350 401
222 284
337 197
624 644
431 113
89 592
414 352
691 581
260 507
447 427
55 236
285 381
390 610
607 660
10 528
156 672
447 221
459 638
282 309
459 484
8 561
146 276
561 180
155 612
545 144
634 649
477 73
271 528
487 315
431 81
399 672
298 206
301 127
62 424
499 14
211 455
680 534
389 202
610 266
41 81
640 61
246 230
219 60
41 26
568 534
418 417
271 299
496 124
686 565
334 524
247 474
186 162
402 158
454 507
128 383
255 310
201 43
122 169
147 647
393 504
615 291
567 608
473 140
76 163
315 593
205 449
184 518
262 222
395 495
43 477
322 346
275 536
412 262
477 334
193 141
402 516
463 39
547 675
347 523
666 471
174 81
537 676
54 282
200 638
174 552
474 562
139 159
618 416
107 9
617 433
415 660
455 499
333 105
15 176
76 674
400 690
317 132
670 629
676 629
73 299
588 384
397 641
77 181
653 417
429 331
386 691
419 477
583 456
611 104
233 462
191 179
654 402
155 80
685 288
653 601
294 618
71 210
697 38
153 312
38 591
260 300
658 220
181 656
48 630
348 210
695 451
567 460
447 639
635 531
211 165
142 333
35 639
353 116
521 575
76 129
468 121
372 62
139 387
304 326
68 272
510 372
290 463
292 424
532 259
283 24
674 432
679 673
649 318
498 157
418 444
440 4
166 416
527 260
153 511
162 442
613 235
350 67
456 203
49 581
325 32
632 500
29 316
40 583
426 231
617 688
36 613
19 263
8 697
255 143
417 569
584 154
335 68
592 493
248 618
272 618
281 277
470 358
55 254
598 189
692 476
221 324
245 559
322 9
523 31
268 570
266 197
423 438
260 317
255 112
345 528
390 503
142 506
645 434
434 248
690 558
152 568
653 394
287 517
126 277
445 682
319 643
469 512
390 193
114 121
558 611
554 16
448 649
346 119
60 408
81 379
325 694
42 267
423 254
18 488
246 502
457 260
653 465
111 443
299 504
630 231
155 113
677 624
151 125
421 641
518 421
430 103
519 182
543 307
578 147
277 176
647 691
120 326
69 153
103 681
491 363
273 510
147 453
397 63
653 542
236 393
115 655
244 233
617 350
514 189
52 318
447 66
126 313
669 119
685 651
676 133
652 694
425 595
665 261
416 9
372 353
643 255
445 137
377 471
167 174
80 613
689 255
695 575
515 502
651 184
231 179
592 6
580 564
40 663
353 552
448 252
267 168
358 99
22 592
265 658
681 52
597 581
155 564
478 369
94 434
505 277
144 79
300 205
332 321
557 460
417 252
494 342
186 303
354 153
663 546
27 421
203 184
620 277
257 18
295 328
224 487
676 264
440 628
515 147
117 78
41 354
507 255
92 697
306 545
699 552
126 221
118 553
356 150
203 10
269 376
389 216
362 215
437 410
404 382
510 699
418 281
500 612
580 670
630 242
63 489
626 24
28 170
303 534
534 363
688 188
688 189
398 141
430 555
436 473
235 69
202 673
400 224
319 176
661 115
73 261
646 143
405 469
13 668
228 667
683 440
318 416
520 591
285 234
188 606
380 623
497 501
696 385
600 462
680 11
323 677
629 227
92 642
137 523
400 147
584 397
616 243
138 363
179 366
634 353
592 468
386 688
184 607
678 449
287 582
240 272
634 500
281 11
586 471
366 281
177 523
294 243
545 570
305 120
234 332
480 262
488 193
7 10
296 251
613 1
608 126
108 4
441 71
299 148
260 614
248 424
524 225
14 343
408 229
183 326
626 501
500 191
405 269
513 558
582 199
264 526
646 422
489 239
26 413
5 1
3 108
267 107
151 614
303 164
227 49
201 520
481 617
640 35
318 261
25 93
245 593
182 576
331 43
612 264
605 112
346 122
429 79
626 488
142 322
478 41
469 511
26 528
697 526
229 617
289 677
298 152
375 33
71 396
18 26
258 198
182 664
176 472
378 58
119 57
297 588
455 81
457 179
8 249
112 495
607 541
668 407
80 524
347 176
415 109
573 472
244 466
637 474
499 634
185 428
373 534
590 225
339 308
390 676
306 197
205 498
186 146
159 257
454 213
513 617
118 275
83 64
143 325
463 271
282 660
281 19
669 620
172 25
524 561
302 593
68 206
39 330
425 382
559 40
566 246
302 126
426 523
684 474
391 127
41 603
311 447
228 528
149 400
603 184
560 539
269 205
13 638
231 340
601 423
658 139
88 274
57 344
440 267
628 434
305 512
179 369
184 650
424 84
409 273
434 525
500 669
24 255
376 562
199 60
406 27
410 151
31 14
436 327
191 148
488 77
265 356
690 299
264 386
478 664
402 669
330 562
472 235
465 53
153 19
311 394
652 182
516 645
678 652
138 482
640 583
511 510
286 126
614 576
634 469
507 354
350 456
327 358
67 522
382 140
414 142
34 570
153 175
218 162
218 20
378 690
351 224
124 6
490 516
513 505
218 356
570 106
226 55
504 213
405 576
662 429
623 512
601 68
22 231
220 87
445 41
610 594
359 366
273 332
424 431
481 261
543 643
194 8
47 224
563 622
281 48
422 501
605 172
110 85
51 679
182 191
104 274
510 271
545 591
499 256
620 128
584 417
20 324
86 461
404 336
681 9
95 355
643 246
41 387
74 580
402 298
199 46
232 641
233 403
313 14
477 492
336 641
628 559
61 582
639 32
412 241
426 526
132 546
689 462
44 358
404 277
587 563
583 436
137 208
699 528
112 472
478 84
219 49
414 192
415 695
251 413
198 448
216 48
174 64
456 683
489 47
596 553
334 233
649 104
613 16
438 426
312 699
195 115
344 149
347 42
360 665
457 593
230 611
100 92
51 454
534 50
452 422
235 669
362 330
386 392
302 102
349 378
250 35
102 698
209 101
323 275
22 265
50 245
161 663
408 47
627 682
48 541
616 366
472 376
642 615
109 359
324 142
410 659
534 653
277 267
347 459
253 548
68 394
351 411
213 89
453 455
245 385
384 553
60 154
133 512
120 77
367 386
108 160
214 122
180 510
524 18
432 434
444 69
90 139
563 670
543 475
498 506
337 25
302 571
476 43
278 641
375 315
677 212
659 516
203 438
76 143
584 359
203 669
296 269
263 99
99 607
241 425
129 476
16 417
651 138
239 312
186 309
438 418
632 443
235 339
276 301
202 99
110 168
382 649
40 62
561 164
255 478
138 622
193 398
551 688
679 219
124 343
513 401
573 699
567 84
613 527
461 35
329 467
522 625
164 629
98 114
264 490
688 266
201 16
318 310
675 66
251 7
103 13
657 392
56 602
548 498
173 521
411 218
317 594
292 589
131 71
290 353
446 222
675 562
432 199
457 168
491 38
38 487
519 647
82 16
565 371
294 354
149 606
383 201
66 356
176 126
67 626
620 552
91 619
197 164
697 293
112 605
298 379
330 118
544 558
350 500
565 426
148 208
147 558
410 321
62 107
680 20
637 619
76 672
606 556
264 13
648 136
174 15
624 526
71 87
680 241
166 642
593 485
3 623
324 572
29 243
263 410
353 340
512 540
434 689
679 633
273 269
137 631
468 71
457 432
688 271
505 211
351 620
617 356
444 475
649 225
314 87
223 566
256 253
484 697
386 471
199 68
419 585
397 190
699 604
466 380
509 171
365 300
602 527
566 349
456 244
77 335
654 88
572 663
266 30
1 226
394 135
594 153
382 263
285 562
522 305
83 36
466 597
360 642
290 618
159 279
291 682
443 316
661 516
54 185
505 473
14 502
595 64
439 144
139 377
640 26
31 393
112 40
557 398
666 240
548 450
608 43
118 433
276 339
273 389
685 553
324 13
475 510
380 652
609 75
256 105
347 479
588 14
436 410
413 240
379 267
699 526
487 617
88 53
562 408
122 602
499 413
442 696
633 528
601 228
32 675
550 495
374 216
479 543
511 132
606 649
96 637
595 592
56 547
414 644
633 396
130 433
315 326
572 526
686 404
367 319
279 418
647 370
439 476
71 382
55 138
241 575
484 549
125 231
300 117
529 345
395 148
699 492
306 167
184 664
117 62
108 432
122 365
695 652
427 435
486 515
446 498
143 331
39 615
328 457
513 155
223 400
299 342
128 349
560 574
75 86
595 427
1 361
495 157
321 161
652 331
157 164
326 670
609 416
406 523
279 242
581 612
514 200
192 18
555 439
145 135
666 384
313 572
532 625
449 296
20 570
538 348
171 254
677 126
26 492
587 174
398 26
573 272
681 54
499 250
203 471
696 446
640 432
37 657
279 578
25 33
403 406
137 475
689 573
15 646
280 29
400 519
517 682
675 336
375 283
673 40
596 240
164 177
260 641
601 428
125 328
676 652
143 552
331 416
77 174
57 535
537 245
381 453
386 242
157 239
344 272
285 554
682 185
549 576
263 197
16 582
296 534
495 267
239 483
209 408
318 231
234 404
390 639
171 101
685 649
683 99
233 116
263 31
192 7
341 450
352 441
120 545
101 421
422 178
497 158
639 525
622 113
232 505
590 231
105 635
602 682
664 678
181 264
15 217
309 371
14 283
519 622
325 55
472 118
199 550
662 598
211 269
227 16
269 34
197 204
105 528
188 517
128 239
550 166
687 123
390 438
584 585
598 613
404 81
261 510
304 429
691 357
463 639
686 145
676 569
529 652
214 553
201 129
163 120
549 100
464 599
364 639
36 553
679 277
112 322
587 588
645 475
593 280
439 259
431 437
132 188
507 646
440 405
661 6
485 383
252 656
253 683
408 675
441 163
575 113
468 630
237 680
165 38
622 517
669 169
397 398
321 137
454 83
29 669
62 497
255 483
481 69
36 625
642 133
383 683
516 304
251 607
368 343
214 552
21 186
208 528
656 485
177 646
640 557
612 314
135 616
324 520
221 19
363 3
587 699
576 200
44 365
30 41
272 395
493 533
369 336
340 612
670 212
79 417
490 569
496 346
273 109
117 34
1 163
27 557
146 219
399 272
251 470
439 675
171 126
549 573
393 317
317 393
28 194
77 304
643 384
355 615
304 339
218 138
401 15
107 403
267 361
134 673
110 453
287 371
375 411
415 30
575 307
246 211
431 439
448 27
204 490
463 679
16 195
230 17
601 131
640 682
617 33
590 13
33 524
181 342
91 627
356 46
82 661
103 391
463 384
595 586
469 436
116 206
504 148
6 346
227 55
278 698
590 574
239 592
359 555
2 562
171 474
269 356
244 660
23 427
213 380
414 49
554 66
168 476
643 276
635 641
130 454
563 503
284 441
363 538
321 30
81 126
527 227
557 625
369 115
243 588
384 543
3 25
106 199
215 388
71 305
188 439
274 53
663 216
215 582
288 214
209 422
250 639
578 55
644 551
523 550
381 356
634 500
136 226
238 661
272 603
92 698
621 75
573 682
657 60
187 95
534 595
675 61
428 364
406 412
47 426
282 152
294 524
633 45
364 224
377 519
154 517
40 39
116 681
111 266
214 278
459 305
172 198
393 52
142 322
520 213
134 397
506 186
654 246
5 194
276 601
670 437
182 81
152 496
643 533
293 617
195 268
245 515
25 505
623 451
526 674
32 256
382 33
102 310
208 452
434 156
334 607
452 677
54 634
636 368
496 340
297 666
661 369
314 689
568 387
167 56
244 174
343 271
610 79
74 612
392 662
236 162
466 510
387 375
549 273
131 699
487 411
90 223
104 693
370 297
594 630
532 607
679 300
611 489
568 82
177 583
535 691
138 228
194 73
125 696
499 221
654 20
337 152
508 419
201 340
66 258
367 10
568 403
176 631
175 591
430 232
121 167
218 568
590 460
311 392
151 487
402 562
429 635
614 679
416 509
487 230
602 218
545 600
564 351
506 646
599 131
218 90
322 387
677 221
429 502
598 175
101 93
451 245
639 129
326 506
566 640
238 649
402 187
598 392
581 402
455 444
677 287
303 547
91 184
280 580
495 256
315 680
250 208
316 550
294 671
686 475
603 31
490 455
510 23
70 195
311 447
626 157
505 223
69 432
170 683
461 421
358 86
266 556
369 559
109 416
504 293
197 237
21 565
465 290
109 519
309 348
15 396
219 134
373 595
597 267
640 628
439 129
461 328
105 374
464 112
458 483
581 351
35 88
34 403
660 116
313 663
647 122
271 81
240 492
97 247
233 533
7 253
314 281
448 460
278 419
473 139
490 375
22 520
117 397
426 377
531 182
201 610
507 500
141 109
273 370
249 595
518 229
558 78
475 199
557 382
350 376
422 432
433 46
579 666
180 166
599 104
542 361
146 144
613 493
483 348
307 9
412 350
379 540
168 330
436 422
397 102
234 87
161 245
176 382
289 151
338 676
193 475
70 340
46 307
26 502
162 448
191 342
490 432
170 345
614 286
478 611
156 282
118 560
376 254
617 524
479 688
338 548
159 483
681 385
331 249
272 442
173 78
474 404
194 50
360 385
8 97
364 209
601 446
100 1
254 587
59 81
346 215
32 430
443 92
601 453
231 525
22 110
255 96
144 129
580 351
139 558
63 493
598 79
417 615
277 484
549 662
273 340
561 232
405 299
301 619
579 402
386 688
264 520
603 297
19 423
327 149
288 251
339 359
585 155
292 393
228 621
365 44
121 655
99 602
406 396
266 139
509 456
90 325
624 635
642 264
544 649
420 141
427 218
473 238
224 512
110 515
375 42
601 456
419 409
24 285
34 311
411 430
342 391
660 426
282 538
29 264
344 679
148 184
127 85
50 220
304 301
225 467
34 181
3 180
697 447
552 232
233 367
539 513
243 66
642 666
566 341
295 149
496 7
573 322
465 158
192 627
96 249
684 106
372 20
11 283
130 330
228 157
135 388
551 549
311 549
91 108
453 158
64 432
537 47
55 660
133 59
416 280
371 665
489 283
3 156
556 519
187 453
549 289
589 596
546 310
333 289
169 658
591 638
536 339
478 572
456 628
46 660
475 400
211 658
212 34
514 578
585 495
533 301
334 534
104 82
147 404
567 553
190 611
595 411
382 447
358 363
248 506
537 417
87 6
557 49
419 647
361 28
561 84
118 39
197 430
421 431
137 116
437 285
105 258
590 311
604 171
636 292
458 601
513 535
499 696
509 117
440 525
576 411
656 481
110 663
56 12
556 393
496 486
226 584
555 570
167 7
626 645
196 391
344 207
541 268
662 391
3 447
273 283
352 461
35 326
154 456
628 199
504 595
390 365
320 113
529 481
478 391
228 184
36 361
684 238
389 75
454 444
424 42
625 67
535 481
406 181
127 626
561 244
336 56
417 516
88 565
158 203
303 324
263 450
471 307
295 469
489 94
639 467
554 394
341 30
97 517
67 45
289 529
271 121
342 112
84 68
545 575
561 4
4 119
114 523
361 627
123 304
272 680
368 483
283 140
582 459
661 226
686 625
523 314
305 669
455 529
460 323
156 64
162 10
614 416
155 632
312 77
269 361
692 331
521 203
79 81
463 506
689 457
591 593
575 71
4 614
485 4
345 495
571 351
14 473
619 37
57 146
303 532
68 604
372 131
150 112
483 208
285 693
291 383
428 196
198 28
552 353
27 287
573 116
396 140
210 230
85 664
315 218
572 303
438 334
121 249
212 607
188 220
261 603
328 3
490 500
416 271
201 85
427 110
697 578
137 467
502 43
594 358
588 584
687 290
261 462
538 192
364 72
193 663
191 199
376 539
475 75
41 457
113 690
378 327
242 117
14 497
634 464
94 450
455 581
287 207
696 33
427 151
548 416
24 310
543 225
276 19
494 573
39 659
131 15
470 132
479 114
23 332
178 57
184 192
532 681
87 41
387 362
59 490
280 370
523 223
579 19
630 94
217 636
518 524
97 203
160 26
458 274
420 658
598 514
68 63
593 686
378 322
130 162
424 403
647 350
357 322
244 163
426 292
616 142
645 578
24 355
594 282
207 99
365 229
138 309
215 448
694 320
534 18
551 146
488 614
319 503
117 591
639 322
135 634
337 341
381 600
382 657
98 272
302 651
483 165
100 202
655 593
306 369
695 677
303 441
191 689
568 624
25 651
413 362
98 68
573 77
376 691
75 583
269 490
416 291
691 540
538 105
150 512
186 407
165 572
642 287
116 280
695 589
338 188
423 682
680 181
502 322
15 209
426 392
559 646
628 689
689 281
490 437
299 194
9 361
559 691
371 260
17 420
123 253
691 273
43 511
281 98
658 501
367 157
601 510
536 468
419 24
681 410
487 371
234 188
681 102
529 526
554 499
690 219
430 10
364 83
593 42
84 624
567 419
276 335
206 169
472 416
663 159
689 264
338 666
177 64
449 173
609 69
459 264
176 103
221 284
208 295
283 299
563 26
2 547
203 364
285 48
482 48
292 125
631 406
551 579
360 530
437 540
566 113
235 578
581 306
400 403
5 537
244 239
663 293
195 546
316 518
468 578
687 500
92 110
236 471
345 688
348 692
642 143
587 61
120 362
675 490
429 264
652 131
369 110
374 256
503 107
534 432
555 448
570 369
583 472
535 313
18 331
292 362
261 118
639 200
336 340
339 293
417 232
540 114
345 347
496 361
257 318
474 381
259 179
319 622
660 94
358 199
212 141
428 99
152 543
607 344
465 675
340 417
521 492
374 76
654 452
287 638
183 286
219 631
683 660
290 323
107 510
247 211
365 459
365 668
568 333
189 403
20 557
152 608
202 598
659 333
184 247
672 91
365 126
125 341
638 57
13 617
307 352
41 608
679 534
522 193
56 154
574 432
118 439
183 95
602 675
563 450
32 361
434 625
17 243
365 547
138 404
580 104
669 440
480 242
367 544
498 601
83 134
27 264
42 684
341 203
597 258
53 464
418 517
451 264
615 347
349 59
100 318
235 475
375 627
250 90
459 399
4 210
153 556
113 668
72 95
364 43
584 425
210 142
146 277
427 462
501 54
52 131
666 255
619 140
227 23
244 588
281 483
332 171
421 86
521 188
265 571
26 628
513 49
675 159
450 57
445 580
309 183
667 117
557 121
202 441
249 206
442 15
307 446
42 437
260 255
302 524
597 661
350 303
336 358
37 240
47 382
481 151
142 274
127 34
70 450
69 368
487 240
100 332
623 97
271 87
695 128
12 507
140 98
590 66
668 641
424 18
601 494
648 207
562 88
608 342
415 50
357 348
479 553
356 292
414 362
418 376
282 312
307 291
252 674
508 576
477 399
30 676
416 459
295 247
20 58
549 286
147 40
9 69
478 622
371 330
540 409
319 357
448 413
596 193
134 485
689 79
609 110
467 414
102 124
272 499
201 254
306 273
274 328
67 698
198 544
555 290
201 97
112 343
564 335
349 222
251 87
434 649
457 120
403 111
134 513
69 625
418 189
186 232
674 519
455 350
106 608
658 239
101 380
511 187
648 308
353 192
286 580
666 652
453 564
519 124
185 543
71 402
379 342
89 191
205 586
647 62
633 236
615 521
504 371
235 691
212 23
655 286
424 94
220 227
106 123
608 623
394 325
461 378
30 334
300 639
262 227
442 14
554 106
64 177
374 74
279 311
686 470
653 609
421 239
171 187
662 291
470 646
618 46
617 526
592 242
359 196
431 508
118 271
103 658
452 559
148 374
665 466
449 332
582 176
127 265
24 248
404 77
356 397
151 524
648 11
659 297
658 235
578 200
88 455
623 473
34 67
670 581
79 166
132 186
687 32
63 624
467 87
127 77
587 527
120 651
571 316
430 210
554 661
44 234
630 344
452 669
305 525
618 480
157 444
168 339
157 234
86 532
399 236
334 501
26 58
366 546
217 246
671 637
177 114
323 108
20 466
605 531
685 413
411 664
466 384
113 8
123 611
527 478
91 201
389 538
603 89
249 497
84 490
650 60
623 220
2 185
302 59
643 100
448 38
154 353
393 609
381 634
419 528
431 239
313 336
396 22
381 467
530 624
400 654
580 70
644 356
620 524
103 26
166 40
268 240
5 17
67 336
215 417
365 379
16 318
595 638
310 296
215 393
672 320
158 179
598 238
522 444
538 239
553 493
640 115
423 334
32 601
354 518
35 434
95 87
487 542
556 668
310 341
295 390
194 244
459 439
430 275
498 654
611 173
468 243
259 121
293 437
679 357
567 138
277 117
616 409
603 158
430 567
169 88
400 504
310 558
25 557
65 186
609 331
230 414
315 79
699 649
312 276
434 189
114 480
261 64
381 423
547 6
641 341
10 489
285 261
