429 1868
249 138
333 149
337 204
426 115
314 136
222 237
105 267
358 294
57 292
351 264
411 243
187 404
96 24
206 421
221 222
330 260
415 191
130 27
364 411
260 296
120 126
137 46
41 70
43 286
76 53
29 355
328 126
98 352
415 154
45 236
318 84
389 421
320 412
399 410
74 203
127 30
190 316
156 358
195 96
270 234
29 402
374 142
13 63
110 61
246 408
201 268
369 161
309 11
374 182
298 93
334 66
335 331
202 321
385 169
391 338
334 25
388 189
352 307
45 133
208 33
100 25
10 353
105 97
75 421
290 202
170 60
150 23
109 228
207 152
124 310
176 291
59 149
132 350
169 310
353 419
6 281
126 53
78 19
319 8
292 409
384 24
226 169
376 301
116 149
209 389
130 304
182 210
339 410
191 348
114 210
273 270
295 109
396 407
255 350
402 342
277 121
278 59
115 100
325 338
377 406
363 85
188 21
316 328
230 283
16 380
31 4
322 278
121 39
339 198
167 38
182 320
124 134
32 75
310 155
246 77
188 273
73 337
195 260
362 282
409 43
148 143
276 124
244 286
29 23
290 7
52 330
25 155
25 110
44 208
284 105
156 403
170 86
148 324
412 396
89 45
34 314
66 17
77 266
347 197
384 269
116 216
53 69
414 142
116 258
93 370
203 318
1 2
217 44
352 267
276 164
347 94
13 107
403 208
145 35
317 34
230 133
214 271
397 90
417 20
413 52
131 44
180 167
93 217
397 215
369 156
341 153
336 338
281 399
403 32
287 82
19 14
401 118
291 138
360 221
390 348
293 78
5 67
145 398
315 165
97 322
315 186
64 257
162 341
67 332
230 49
340 208
112 158
138 426
153 361
153 157
394 372
33 21
345 137
368 391
39 264
30 297
140 350
127 240
357 73
208 68
160 221
410 187
255 1
374 83
384 322
198 352
124 195
40 216
58 414
366 145
412 167
18 208
119 397
214 268
318 107
264 216
183 413
237 151
226 88
260 88
210 31
311 423
280 349
353 401
336 421
4 337
121 278
214 368
70 386
355 284
283 119
155 24
425 9
374 355
181 24
389 330
224 210
31 404
356 182
284 290
244 96
341 346
282 378
128 288
261 30
345 374
405 375
77 340
352 382
324 32
19 8
367 200
30 403
247 423
376 52
34 93
291 26
328 257
179 285
253 356
81 207
244 187
261 112
136 264
413 228
186 65
419 78
82 152
398 229
334 149
40 95
29 351
367 24
285 225
82 79
195 386
177 356
166 218
181 75
44 384
294 192
14 331
108 145
68 181
427 301
427 272
183 417
229 4
212 96
151 210
230 84
418 325
357 25
229 263
235 137
357 300
165 16
66 306
414 246
168 27
135 393
233 334
209 284
60 259
68 266
404 377
389 296
289 428
304 34
125 1
126 83
63 250
303 384
391 97
195 82
105 248
418 226
149 284
38 269
332 113
144 292
268 363
77 216
194 349
162 180
63 112
329 407
382 328
255 357
361 241
3 378
385 159
273 322
241 124
115 289
29 405
214 123
335 257
20 257
328 128
174 213
378 134
267 390
41 58
429 7
374 348
377 323
49 200
201 297
58 222
20 294
135 344
412 148
194 428
226 298
147 265
77 102
265 67
341 168
409 402
39 248
327 351
78 168
155 399
134 128
18 262
190 262
371 351
97 92
344 252
135 109
349 185
3 75
225 358
159 416
361 302
45 200
253 368
326 48
121 356
338 180
231 138
165 129
408 299
234 362
340 233
229 427
310 195
1 213
254 152
257 11
161 170
282 295
62 296
225 367
356 68
355 180
19 249
87 339
328 106
281 221
123 286
77 168
351 151
238 27
166 210
233 256
413 131
132 336
164 266
351 102
407 207
174 17
404 96
103 285
253 98
24 429
395 97
77 226
48 302
411 123
249 8
83 125
412 301
284 405
265 69
242 258
413 414
108 418
18 114
236 367
412 217
24 403
214 42
44 5
201 263
378 144
38 140
158 219
372 340
64 87
383 312
292 107
307 207
98 20
292 195
179 228
264 66
385 204
233 411
299 293
314 84
297 298
410 108
266 341
227 386
281 138
84 52
386 117
83 217
237 4
19 191
235 136
66 357
285 224
313 35
91 161
209 416
44 184
37 253
318 396
62 261
48 283
284 91
54 292
359 404
265 302
11 28
254 109
18 270
15 316
128 21
145 127
11 385
159 48
322 73
271 378
65 256
112 154
400 196
166 381
410 64
220 308
78 157
117 320
386 100
355 322
120 93
302 423
81 298
23 386
427 277
420 256
26 157
338 103
75 407
307 7
220 387
317 166
404 140
418 185
99 71
186 205
398 368
426 309
314 282
128 301
46 163
131 421
29 197
75 314
115 202
106 85
93 109
180 417
109 360
303 188
108 3
99 2
222 209
349 269
1 103
356 82
291 181
75 58
398 195
282 97
184 300
411 92
232 324
319 257
287 75
379 92
417 424
113 205
28 287
163 10
77 394
342 263
129 147
293 353
51 364
400 300
102 377
211 158
160 235
330 19
138 343
309 267
230 159
11 272
204 71
177 41
45 389
22 397
223 180
289 7
212 191
345 234
277 247
40 32
384 174
81 164
186 400
317 385
157 104
241 52
415 421
23 362
259 408
10 267
86 226
73 66
422 429
134 189
318 25
195 126
65 45
424 102
228 7
76 22
28 353
182 8
423 324
270 239
339 64
330 75
344 228
140 354
196 223
231 278
285 367
32 14
147 244
233 47
103 234
213 313
39 196
293 149
241 408
110 54
397 288
225 400
109 248
311 415
314 162
93 410
114 37
377 165
334 351
329 274
157 70
295 161
179 189
392 67
144 31
212 156
19 223
399 186
115 243
402 210
134 176
120 261
412 64
153 265
154 313
89 280
50 111
268 4
96 130
208 197
64 326
284 11
70 237
135 235
108 4
203 371
67 412
283 31
255 215
10 354
146 350
368 186
280 26
75 69
241 353
58 38
56 23
86 129
411 399
352 345
240 308
382 359
352 109
422 192
31 94
73 325
112 352
359 108
308 305
117 105
111 226
133 349
154 114
36 240
328 201
269 310
318 58
395 121
339 135
272 295
343 113
6 79
94 279
405 273
151 132
234 227
240 219
335 283
275 55
343 181
255 368
82 45
74 76
24 76
143 80
143 223
325 399
195 49
342 6
418 355
255 324
76 79
194 78
359 337
383 252
63 386
14 65
172 59
29 301
152 327
81 107
142 195
299 246
271 376
68 113
272 110
218 62
254 308
73 227
240 239
173 42
355 318
354 312
17 170
357 282
69 372
402 117
241 233
301 72
75 43
12 113
361 406
153 414
295 203
116 413
332 226
399 134
177 231
124 420
399 335
19 193
172 209
212 177
335 420
264 195
144 49
179 64
58 210
267 380
303 289
66 419
95 351
170 106
424 65
418 234
421 158
234 147
179 171
324 220
382 3
167 326
142 219
166 126
156 9
122 160
297 228
410 1
417 413
101 34
147 209
375 153
2 276
338 204
169 350
382 13
424 337
297 221
325 144
373 353
242 113
17 240
215 347
77 372
207 354
135 364
116 59
89 107
362 7
11 258
125 382
169 327
21 332
371 393
140 212
405 96
82 413
413 264
88 396
279 285
23 76
351 183
34 97
80 140
57 357
83 80
362 53
287 171
150 301
263 292
14 292
251 335
180 9
295 243
117 36
215 25
85 379
189 200
422 2
214 363
321 300
326 47
139 153
51 210
399 349
172 271
395 203
306 92
406 8
199 367
256 234
290 44
118 193
239 53
114 79
104 296
1 117
367 155
265 320
76 30
193 68
137 200
376 405
239 114
178 313
10 121
70 230
259 389
12 367
105 152
131 391
333 132
68 45
190 410
188 46
352 346
46 147
301 80
157 111
165 10
72 288
37 286
262 185
361 110
403 393
135 15
233 70
144 85
14 122
289 106
87 246
147 62
204 278
392 164
166 95
313 196
65 102
71 158
380 428
311 291
245 389
18 112
409 266
215 105
304 127
46 388
60 109
55 28
71 212
185 423
167 20
178 188
82 213
177 207
339 271
286 118
215 134
153 319
238 219
100 96
394 209
264 176
15 341
389 203
313 96
196 275
308 44
160 55
291 155
106 266
277 379
257 177
170 224
409 175
305 230
422 164
146 37
254 204
50 188
116 149
337 413
69 208
66 185
228 13
58 220
217 148
345 51
165 203
302 110
138 59
91 217
153 45
96 120
120 79
34 72
142 110
184 38
426 159
375 189
326 355
280 240
384 219
421 16
238 143
184 171
419 252
392 91
173 41
332 314
249 310
188 292
353 282
79 354
143 260
385 252
43 219
249 185
93 157
50 421
128 325
52 87
33 342
271 131
49 210
413 176
81 39
287 139
29 159
6 268
237 407
178 339
67 235
177 73
254 109
354 407
328 367
374 55
43 154
375 324
399 89
44 163
7 216
30 115
299 92
257 190
344 409
158 45
35 400
306 126
145 149
24 340
92 125
95 342
108 28
342 379
417 429
165 229
316 60
360 314
346 20
217 403
66 47
177 198
381 25
411 377
155 17
100 174
415 222
47 296
320 23
266 408
422 243
177 85
53 223
113 149
27 296
37 75
421 184
33 196
133 174
250 404
109 378
60 384
253 172
36 276
132 291
158 399
211 197
367 178
411 140
313 86
323 285
417 3
60 206
95 190
273 179
141 214
65 19
392 114
210 80
59 395
366 236
227 12
244 378
237 398
365 376
383 426
4 62
71 382
293 272
211 409
362 340
237 32
311 391
21 292
65 198
309 236
186 147
201 158
111 184
76 1
282 347
29 154
248 178
326 113
100 182
204 399
114 79
221 207
221 340
187 233
128 100
86 412
238 57
126 88
45 349
104 164
9 236
136 22
112 192
260 277
371 77
125 60
62 276
195 52
383 193
318 231
263 222
159 83
128 57
290 62
54 188
145 405
4 179
3 340
132 35
139 323
215 312
345 232
261 252
63 43
216 244
246 174
347 407
96 145
136 384
292 74
232 27
395 278
369 136
6 358
15 276
239 336
360 317
349 400
17 324
307 83
70 381
200 113
238 175
83 145
18 237
183 189
285 3
101 174
175 288
280 258
285 258
63 60
42 27
215 388
391 6
150 169
200 333
341 377
408 394
325 107
101 180
75 100
83 219
416 52
129 269
415 83
64 210
365 43
173 300
149 5
246 313
196 59
410 181
427 195
208 29
95 356
145 105
415 67
58 379
371 137
8 127
330 147
80 35
225 7
91 81
362 371
383 404
231 79
347 264
79 335
422 380
375 24
287 201
81 359
385 32
320 258
423 43
31 124
45 333
123 396
90 101
165 285
397 114
50 353
310 391
96 3
425 44
353 259
18 336
285 77
53 201
379 71
342 257
379 86
70 60
174 375
101 172
186 328
54 213
289 29
347 429
253 251
376 146
214 323
192 161
356 233
133 409
188 141
340 36
428 372
329 380
232 75
331 397
210 186
413 248
267 405
51 333
224 51
347 371
331 285
122 152
266 344
26 189
120 114
22 332
34 204
232 241
202 341
64 353
34 108
117 314
164 230
101 331
412 2
296 234
75 145
124 90
109 114
124 288
393 90
139 53
262 301
103 17
4 181
292 107
11 62
238 426
124 142
96 83
341 99
352 138
219 112
107 407
54 134
69 158
239 271
161 384
425 290
111 28
206 178
21 5
252 12
267 186
135 304
104 252
124 138
163 145
262 209
46 395
133 99
245 84
297 72
420 19
145 294
379 164
397 101
248 137
319 337
337 404
197 184
232 381
84 398
47 387
106 420
232 223
21 23
78 243
235 14
234 425
217 246
28 357
128 264
369 40
114 29
421 389
364 258
164 249
12 226
169 296
324 302
18 270
122 61
118 131
211 202
141 122
10 290
251 43
286 144
97 198
176 166
95 6
143 198
322 371
264 112
140 9
298 294
346 373
247 255
68 305
235 137
110 315
3 135
367 301
351 99
241 406
278 46
62 205
255 419
242 238
359 29
392 355
308 64
22 376
231 320
37 194
379 130
188 52
7 204
39 169
160 304
397 109
171 159
212 224
40 34
33 77
420 121
174 305
338 387
351 248
384 365
95 336
44 74
214 221
269 86
308 284
317 352
213 262
229 296
96 194
256 75
425 13
385 50
356 142
175 417
200 156
203 398
54 355
280 139
192 208
215 67
94 397
44 290
107 115
157 413
399 192
120 200
106 246
316 423
106 301
89 320
260 210
122 262
147 2
294 232
221 192
349 143
304 174
93 156
168 274
89 28
103 375
87 17
295 274
321 95
271 308
151 114
158 203
87 218
156 395
179 111
379 103
152 193
138 279
82 247
13 323
347 252
384 297
187 352
408 164
222 366
213 273
149 363
414 131
162 385
221 231
278 325
417 139
174 332
113 399
402 63
37 85
417 305
175 83
170 23
202 352
247 275
419 363
352 11
352 42
159 410
58 413
71 336
13 185
57 359
262 363
42 278
90 297
301 142
31 393
145 141
47 264
275 185
233 154
193 345
344 23
301 206
206 198
312 185
57 194
351 87
224 402
339 325
128 220
270 134
73 129
416 226
49 75
23 303
132 58
130 343
121 396
51 321
73 62
399 260
170 375
267 20
153 331
291 49
182 192
280 143
232 425
316 211
223 181
335 317
52 352
53 422
81 129
55 259
74 358
8 276
283 4
392 210
5 194
189 43
200 14
121 51
132 259
328 396
197 259
190 153
393 150
206 287
184 380
383 368
133 396
347 203
324 218
231 393
401 92
26 396
398 366
403 283
307 196
191 301
396 331
184 428
112 99
266 102
111 214
311 88
134 303
422 417
239 85
109 98
249 111
267 236
129 41
81 281
316 123
174 71
336 15
97 14
188 129
47 391
382 317
416 314
59 95
35 143
170 414
58 301
328 174
157 212
31 13
40 327
377 187
313 324
351 179
103 69
262 341
23 372
209 240
183 387
7 339
132 252
155 367
271 316
104 191
140 418
192 204
277 115
220 295
332 264
413 217
308 52
307 23
213 159
429 292
70 411
34 314
190 398
65 318
350 361
313 217
81 365
8 185
335 151
212 169
191 180
331 347
371 109
219 265
75 143
202 334
167 106
114 106
244 168
308 80
25 79
221 183
350 326
415 231
352 288
361 403
277 6
110 313
92 51
101 345
63 412
268 405
408 422
384 243
74 2
157 331
310 327
358 376
23 307
3 8
61 145
180 276
361 153
72 360
15 284
31 248
164 51
239 58
129 244
194 408
89 223
173 268
127 401
162 132
274 156
352 182
253 9
20 32
2 427
178 136
299 247
225 40
53 98
48 11
113 283
355 74
390 10
230 309
323 56
74 384
178 338
174 265
236 35
293 303
362 26
152 90
206 195
277 355
12 348
14 196
374 100
231 373
57 423
215 359
355 157
145 322
56 354
93 74
304 92
337 144
288 276
367 11
20 78
217 76
241 389
28 77
402 192
367 344
387 10
99 347
260 334
397 193
365 320
83 369
171 386
352 26
133 330
292 97
428 206
374 224
87 37
223 341
257 308
84 358
23 335
271 429
343 179
23 312
417 376
101 9
310 422
324 272
351 350
327 366
43 375
343 39
359 137
52 319
261 88
34 77
369 248
383 109
394 344
121 189
60 316
71 315
329 212
123 361
368 369
354 227
300 302
197 64
115 183
2 369
110 133
223 44
90 319
349 146
118 358
169 159
147 266
45 268
278 259
295 99
249 330
188 69
270 311
310 24
212 44
170 137
276 82
381 92
210 153
286 20
295 136
171 284
221 19
34 410
302 181
59 347
47 284
428 360
124 229
126 137
347 212
92 197
280 326
254 227
141 138
274 306
346 57
199 283
155 170
82 137
216 11
218 179
145 39
194 45
80 4
388 96
78 371
306 228
156 107
257 354
323 204
120 245
351 98
349 286
331 314
196 272
302 119
157 269
191 379
302 35
63 121
121 404
372 153
368 29
113 100
295 317
389 84
416 134
18 362
87 197
69 240
8 422
290 275
372 410
392 329
392 216
159 323
55 303
67 43
104 320
264 146
260 141
259 285
62 97
76 319
362 164
293 191
254 111
262 21
5 190
124 429
299 16
168 355
383 351
365 127
247 180
97 178
269 155
298 190
369 268
410 230
56 374
174 169
121 191
306 177
429 47
206 192
104 209
34 293
272 3
325 410
189 320
357 58
37 284
341 339
213 398
149 186
244 245
223 165
26 201
144 215
99 260
385 215
87 250
361 399
7 201
77 413
412 140
38 128
316 429
30 271
203 132
381 155
337 123
31 331
262 258
372 331
402 243
159 142
413 108
237 328
162 406
402 400
267 192
220 146
350 425
180 402
356 135
420 367
125 230
193 414
175 240
262 217
236 203
203 153
417 331
132 77
349 47
98 23
330 104
293 244
220 159
363 236
233 302
380 209
356 115
424 318
105 413
260 309
102 267
