736 2210
79 188
306 682
687 49
535 41
29 28
124 259
587 492
99 317
444 41
587 589
552 397
463 40
108 148
465 594
600 141
705 40
726 454
574 199
474 639
355 599
478 357
111 354
236 359
716 17
136 189
44 326
422 703
500 172
213 390
538 606
274 728
461 444
439 156
145 609
279 312
282 682
303 547
222 338
736 359
57 451
531 423
707 538
414 365
110 251
725 595
266 126
554 432
350 178
687 532
128 285
525 693
94 304
156 565
690 338
503 148
323 53
624 578
602 131
385 331
264 577
588 702
292 679
339 251
736 481
301 109
497 112
713 205
480 200
480 577
378 647
429 244
690 203
576 685
653 114
474 368
71 458
34 180
128 436
414 287
255 152
605 206
293 667
198 660
636 464
271 82
644 625
358 733
162 324
514 670
265 593
680 57
244 197
91 563
251 13
601 13
222 556
604 653
687 586
643 291
499 355
306 23
594 538
245 619
187 28
66 21
309 699
277 657
161 207
687 556
489 88
77 68
567 688
73 422
36 294
114 421
548 241
610 563
274 639
221 140
431 188
564 531
733 189
379 287
666 17
349 178
621 281
618 182
709 44
416 548
93 578
212 15
254 674
234 691
239 254
60 607
248 424
370 271
198 239
197 585
212 595
576 6
122 20
545 202
703 582
284 323
630 659
329 599
146 81
1 72
456 130
95 659
214 38
291 415
82 306
189 707
134 650
477 468
62 92
218 32
94 356
510 112
404 116
314 535
444 657
415 171
484 673
112 499
400 481
479 106
612 143
651 717
513 558
459 227
708 194
285 444
682 588
383 597
208 144
403 708
682 434
204 145
110 672
373 288
395 322
205 206
204 290
44 127
467 330
489 78
684 356
319 721
125 469
524 196
76 540
140 70
35 593
103 560
183 191
732 60
481 90
205 208
507 35
527 282
70 535
47 622
625 263
156 121
95 328
26 362
408 223
176 569
432 728
150 672
370 181
474 357
397 128
720 67
126 489
494 59
113 678
409 109
552 234
635 65
440 410
721 268
461 445
159 185
203 432
638 286
5 720
111 463
379 322
119 428
229 180
45 412
307 530
337 261
332 243
57 197
26 152
38 275
350 147
256 128
30 672
454 688
616 439
64 599
262 264
479 227
362 650
686 4
116 596
186 680
605 139
290 125
629 323
149 722
34 681
432 598
544 498
614 234
371 569
10 80
52 146
535 493
287 368
733 538
284 602
599 504
538 282
480 716
447 373
126 601
191 400
79 135
50 368
699 274
682 368
182 23
431 556
129 340
338 512
286 370
390 253
508 625
688 690
97 626
562 284
570 147
437 306
433 590
5 380
581 201
571 30
674 123
634 691
124 480
413 487
506 285
320 338
89 52
24 327
508 561
585 57
125 426
503 661
628 434
472 691
150 601
656 674
294 139
660 648
202 29
585 623
399 223
473 550
565 40
157 236
379 334
537 94
386 686
654 305
305 631
200 534
533 494
6 490
693 52
34 112
402 322
474 176
335 211
108 441
266 148
76 139
274 681
281 213
560 630
442 424
566 105
501 701
295 174
243 160
318 583
238 626
238 420
425 85
597 444
253 230
236 687
388 152
615 89
208 82
433 447
295 337
688 273
254 549
441 25
44 404
88 552
211 631
352 8
410 21
625 414
543 410
268 496
94 344
275 2
635 488
408 84
445 69
379 609
322 263
173 128
104 97
287 650
259 581
548 359
272 245
672 82
216 385
595 606
584 235
560 630
445 434
33 480
724 686
418 294
60 649
546 347
523 403
598 483
591 61
628 170
221 217
629 23
556 274
430 351
3 25
236 318
458 158
39 400
43 443
190 488
396 97
302 1
52 710
602 52
539 379
203 419
5 240
722 291
489 607
308 629
126 207
431 522
463 202
705 385
453 167
341 600
272 274
684 399
285 198
250 423
581 11
482 612
453 175
237 48
274 286
227 7
398 616
221 199
136 378
118 673
104 537
325 49
337 26
712 88
93 100
189 598
146 514
551 116
387 660
54 647
723 147
620 457
333 445
451 371
55 87
362 219
701 206
205 220
488 6
454 691
423 140
514 364
39 231
223 244
458 521
620 721
727 204
333 46
619 111
356 533
3 664
688 231
51 422
642 584
226 236
401 639
565 6
271 589
217 695
56 55
642 670
316 336
722 696
486 423
38 373
291 645
634 161
284 485
140 355
591 470
45 485
536 716
52 730
484 608
159 367
11 609
39 722
298 218
158 125
479 569
453 241
195 598
416 297
184 9
38 413
618 394
193 377
502 327
140 581
405 369
629 536
188 690
603 525
182 471
161 296
460 554
169 86
21 304
432 730
88 336
268 137
574 594
652 188
188 438
577 131
319 465
699 709
206 342
695 306
376 332
523 526
734 208
678 273
436 289
384 270
190 214
545 163
435 522
649 329
614 57
56 372
735 252
388 252
574 330
436 318
651 673
652 117
169 130
341 505
87 357
372 149
454 353
692 367
374 186
678 490
612 406
711 466
675 374
514 696
292 300
30 107
403 464
561 186
113 393
341 466
419 717
528 335
366 664
67 554
129 178
541 639
542 387
53 189
264 394
479 528
450 124
474 395
318 367
161 671
86 735
47 45
562 250
682 582
318 430
524 587
198 608
602 431
80 346
489 105
690 54
466 457
345 723
699 193
191 454
654 415
600 40
600 536
355 155
341 452
232 668
32 3
271 391
499 472
293 206
104 244
611 257
452 176
341 555
104 231
421 521
57 325
599 721
352 583
261 344
253 703
705 100
101 104
33 339
325 266
468 331
552 483
18 408
320 568
269 657
427 631
86 239
562 508
550 453
618 94
614 217
582 228
553 384
237 661
458 89
725 637
9 684
88 635
387 672
595 450
14 114
46 76
385 603
341 141
161 210
33 444
326 160
56 298
106 462
87 248
296 53
620 736
73 238
682 686
338 258
403 49
3 624
207 44
563 643
418 353
11 360
646 261
228 390
113 58
497 572
688 310
195 111
628 593
520 294
719 553
697 181
466 487
674 385
223 469
23 422
498 469
347 388
57 158
200 381
389 181
206 323
587 674
460 83
198 708
9 621
621 295
380 362
483 627
156 727
622 183
534 235
456 145
601 521
560 374
653 316
221 106
460 130
431 624
216 292
690 412
440 25
317 389
364 200
425 77
204 364
662 236
699 432
598 126
104 322
217 678
109 478
309 486
627 130
97 529
448 576
604 159
618 301
416 42
315 621
122 120
93 189
643 528
372 231
459 403
273 605
395 202
71 144
331 375
100 407
447 314
560 654
610 33
366 554
681 154
529 111
185 544
612 686
704 722
461 549
425 435
461 573
482 362
433 591
685 382
511 9
8 469
601 535
58 637
225 347
701 140
577 286
619 442
218 291
25 608
653 493
404 414
715 6
702 45
338 141
203 491
376 326
367 639
278 484
570 5
651 584
157 215
361 159
355 17
21 460
520 184
586 590
314 641
272 210
181 213
556 520
34 329
224 529
509 719
60 45
480 278
237 623
465 218
71 574
247 244
673 144
178 291
11 603
559 550
494 37
214 572
14 290
560 375
525 60
22 660
112 708
238 85
676 575
633 111
193 154
700 659
213 500
207 364
298 332
616 312
146 328
558 81
455 324
289 53
210 551
348 485
90 572
498 523
547 563
169 143
237 523
116 5
167 196
290 1
586 300
636 174
489 408
156 630
108 294
357 588
425 383
312 414
193 396
269 7
133 546
502 256
102 253
95 147
433 593
55 201
6 440
77 166
531 234
134 533
101 440
286 380
328 317
319 32
34 460
64 41
701 404
137 18
692 200
599 451
709 610
508 711
519 237
205 387
526 610
481 663
505 406
610 249
499 125
611 322
350 539
125 194
451 702
80 692
607 229
206 510
415 250
650 282
621 217
159 391
369 161
665 137
498 624
725 292
647 404
564 214
503 425
87 88
459 433
53 730
642 206
438 723
529 301
280 629
484 340
375 446
186 465
604 452
556 610
439 329
610 488
99 618
236 210
146 51
274 182
122 546
258 270
149 232
147 701
269 617
569 573
289 704
517 272
577 307
205 417
669 439
551 214
22 374
201 318
68 671
480 421
361 617
460 435
197 189
290 173
589 619
341 360
222 137
164 555
115 24
505 664
356 461
540 41
365 75
97 37
511 431
26 344
582 544
223 530
18 659
272 214
15 707
637 259
690 66
196 581
376 112
98 689
725 192
551 671
475 41
152 646
591 519
429 348
428 357
434 70
505 223
655 700
497 257
430 521
261 685
329 270
403 497
425 5
71 483
217 627
75 710
205 704
615 727
392 389
224 360
137 524
397 658
106 249
420 616
26 399
525 25
479 6
308 383
518 500
238 329
210 111
360 282
191 211
67 101
429 437
234 313
422 312
380 488
711 173
186 622
300 106
735 734
683 550
566 694
444 660
58 122
52 29
497 81
671 610
690 720
240 467
248 339
471 194
481 365
705 299
51 118
352 389
114 203
586 722
566 684
1 670
145 652
707 507
589 713
427 362
673 558
236 659
713 560
415 514
446 713
214 379
421 579
562 704
151 51
168 487
264 323
614 282
461 327
437 113
552 311
378 176
369 394
228 68
623 144
316 256
268 592
514 186
202 713
194 379
486 343
247 166
35 59
332 494
616 381
262 48
523 70
611 261
661 24
167 627
56 431
493 517
18 509
326 231
351 434
147 718
575 721
671 396
585 364
639 347
427 457
259 608
264 702
501 168
421 416
430 78
311 96
493 216
82 383
323 661
553 47
524 149
197 208
472 652
410 96
68 230
360 234
493 233
53 342
138 206
467 691
441 398
598 155
426 293
619 464
342 707
79 708
65 439
628 275
73 548
676 231
447 667
380 471
284 237
545 668
618 614
634 211
293 352
332 326
4 175
447 487
681 680
405 720
477 339
278 557
418 225
172 640
551 208
527 697
627 696
340 403
707 347
361 559
665 118
335 278
594 370
688 537
11 700
59 642
621 26
632 191
725 116
440 490
532 438
329 126
620 452
640 27
227 70
384 678
44 99
41 358
334 457
532 453
529 159
76 594
588 451
459 249
525 164
46 164
369 420
20 177
202 414
509 105
4 64
670 44
526 605
188 273
146 448
596 670
187 267
559 734
481 42
255 81
269 491
326 636
684 160
706 682
132 477
277 686
682 264
614 464
521 642
562 394
558 182
57 563
219 105
57 149
499 168
488 666
225 332
129 640
735 231
412 35
717 654
172 467
430 467
33 152
378 152
285 221
168 366
601 524
245 79
394 658
274 456
149 341
682 302
712 24
462 41
496 634
253 666
216 581
119 348
348 156
709 173
241 442
570 111
336 193
434 319
512 421
430 649
42 517
569 466
149 426
170 496
464 510
495 503
292 307
682 329
181 106
658 523
456 564
709 12
666 65
540 686
166 48
598 214
449 705
726 481
410 95
628 204
416 447
305 647
119 142
120 494
569 492
628 2
237 159
712 104
56 560
370 170
574 652
191 123
523 164
137 721
241 334
699 68
662 294
626 350
64 101
450 579
128 283
381 131
112 135
215 30
308 321
232 118
702 33
651 99
359 306
440 629
652 635
171 267
70 270
546 695
616 290
708 357
276 617
222 466
106 127
479 496
301 525
328 445
691 67
165 619
350 656
114 456
628 446
527 111
713 343
8 185
356 43
438 240
36 284
221 673
482 158
600 333
353 383
194 728
248 238
401 308
181 346
150 414
586 601
494 143
444 165
226 732
85 214
31 470
461 458
186 115
62 65
603 601
312 506
122 189
182 625
595 373
453 683
102 16
476 601
441 720
418 457
401 447
22 131
220 123
218 567
494 523
337 5
62 411
589 672
44 654
489 605
506 229
519 17
649 221
147 98
273 184
268 661
489 270
547 364
210 675
259 345
44 101
18 256
643 630
91 649
304 647
676 434
32 495
289 713
341 422
656 601
336 146
447 36
518 561
413 314
226 448
643 180
389 701
279 215
523 91
733 42
561 505
677 83
209 477
238 719
125 707
445 129
514 621
636 354
79 426
105 313
338 33
446 523
710 511
444 698
402 262
230 335
130 711
409 346
469 420
419 512
30 361
19 645
721 607
254 223
571 290
103 327
437 20
383 387
596 338
195 416
300 199
522 426
697 655
199 202
537 658
389 106
727 431
301 286
687 665
478 420
66 288
283 256
128 487
235 586
328 505
329 317
156 6
643 107
111 224
403 81
343 578
277 261
103 638
721 360
599 435
216 313
390 631
276 242
216 552
145 301
462 386
338 96
49 457
13 183
298 358
302 124
105 578
586 213
190 225
705 476
150 377
483 62
150 556
469 578
134 438
735 533
714 721
679 354
207 213
44 495
670 489
375 699
15 187
381 258
614 87
391 167
694 487
245 384
719 579
665 233
636 720
25 233
189 31
1 585
727 630
650 179
275 125
143 28
667 301
333 306
43 36
114 350
386 575
410 604
599 727
145 429
736 439
308 235
520 351
171 134
245 567
494 685
279 515
534 23
169 353
32 375
27 355
255 592
689 566
661 101
602 187
497 214
172 685
229 653
686 190
643 294
458 416
125 293
210 358
629 548
34 713
561 235
33 585
128 192
206 481
539 70
130 296
395 401
264 554
72 599
210 428
526 324
394 372
430 59
535 170
732 712
661 600
585 190
698 558
277 418
7 221
573 585
443 458
284 424
675 161
467 544
426 344
54 13
529 35
306 712
79 400
500 132
651 409
572 238
384 231
529 171
174 334
724 552
6 99
590 504
45 525
552 678
43 275
542 205
102 100
606 443
613 527
456 338
495 610
711 173
684 663
489 547
696 692
198 182
625 583
631 17
102 659
6 110
480 83
196 271
29 55
47 630
147 625
253 540
265 555
462 696
251 7
543 99
401 634
3 603
692 146
538 251
405 676
488 347
627 712
194 286
556 553
487 389
258 231
384 533
93 52
78 321
388 316
441 482
339 347
640 444
683 516
708 720
416 630
399 360
562 644
631 213
301 57
625 598
181 394
628 189
292 480
677 570
372 196
610 576
410 149
310 464
700 566
169 622
651 641
395 334
719 90
111 473
344 613
712 463
16 295
563 340
165 326
129 690
669 565
388 48
179 627
722 106
137 85
441 32
403 734
190 134
606 417
180 18
150 493
107 579
599 1
60 184
325 34
60 193
662 703
608 307
495 308
685 115
699 653
588 376
609 433
161 503
433 302
560 333
105 663
512 411
239 577
433 32
246 233
67 218
468 203
356 481
187 626
121 379
595 193
70 601
424 14
664 342
33 237
293 217
185 489
356 42
412 417
436 497
322 734
363 521
716 257
18 81
306 196
89 16
251 444
214 59
6 702
183 443
178 298
376 443
654 439
679 235
131 549
606 622
74 97
535 311
193 94
560 386
36 410
132 436
187 525
546 322
148 505
594 216
488 434
258 185
517 206
711 450
549 526
620 662
374 723
726 121
31 151
253 407
546 70
706 348
713 669
72 707
473 47
34 620
674 380
455 597
139 307
52 431
712 435
632 293
83 702
401 463
294 490
498 595
207 592
606 667
171 369
21 655
97 648
617 593
270 676
254 130
712 453
398 440
56 170
630 140
727 344
655 282
620 261
175 20
8 45
229 446
359 375
92 188
232 172
342 464
287 270
268 449
735 128
470 536
37 161
609 440
122 124
433 87
648 125
665 674
675 549
392 255
292 13
524 327
631 283
542 233
11 516
103 201
470 35
724 509
313 725
345 623
164 506
559 15
697 278
306 355
440 575
693 704
198 298
574 165
732 450
506 130
711 651
350 253
432 212
671 667
518 352
422 19
550 206
337 102
69 368
598 9
306 545
171 64
647 226
584 561
5 39
344 490
555 729
566 29
9 99
420 221
459 157
495 506
390 344
551 328
601 569
710 549
733 4
183 479
194 605
528 162
610 229
516 692
518 411
64 134
415 223
378 726
187 306
617 431
522 381
397 444
720 515
236 557
256 233
586 590
586 577
12 227
189 461
410 113
212 327
118 494
622 380
328 266
24 651
618 350
228 17
723 554
172 106
109 447
443 253
617 342
559 517
435 2
371 613
373 219
70 416
404 80
324 402
538 243
610 239
56 547
67 600
410 70
363 612
545 660
348 683
30 716
208 374
599 110
670 211
440 734
104 674
686 444
249 89
335 695
582 279
420 638
116 623
520 231
67 318
665 513
76 40
557 33
359 1
647 495
108 318
549 118
131 690
717 246
536 82
75 205
64 444
309 512
168 64
335 663
173 256
210 98
711 542
562 662
56 47
23 242
540 20
621 140
298 667
299 470
406 123
243 625
198 240
276 634
129 708
225 106
725 212
316 547
245 554
319 681
652 116
707 401
490 268
69 356
181 704
636 519
66 524
37 447
140 248
487 137
615 40
606 338
351 120
39 167
648 190
604 118
481 132
457 10
665 57
140 25
610 341
393 184
677 126
1 495
326 309
530 302
503 53
13 392
449 17
559 91
197 344
146 196
303 328
408 714
591 344
573 310
77 335
348 97
667 229
394 286
129 225
516 278
690 132
27 477
409 436
441 131
62 390
508 601
520 297
3 477
406 225
381 473
671 545
42 446
620 622
170 299
537 542
358 456
699 115
346 362
600 404
638 608
458 701
637 727
725 185
661 600
287 488
507 140
418 345
241 288
262 425
160 532
686 130
535 625
350 280
408 245
570 62
588 23
56 54
341 378
613 522
157 722
50 511
412 1
713 598
497 55
473 665
10 376
199 201
99 36
238 318
159 38
548 121
197 678
209 546
689 675
115 271
58 252
468 547
429 732
196 444
234 311
160 713
521 369
649 320
100 707
306 50
181 309
730 600
601 516
656 443
690 469
577 717
260 589
8 423
60 415
282 609
50 281
326 290
729 636
683 428
518 618
573 136
347 310
647 489
15 711
471 352
505 549
312 536
343 544
534 690
435 594
336 412
394 586
368 454
208 497
627 703
166 301
665 371
427 580
472 44
417 197
69 268
513 212
332 661
118 564
59 217
140 264
85 656
657 701
677 616
402 283
336 107
482 480
108 616
220 395
607 503
270 193
127 278
290 715
734 679
318 550
47 362
484 351
87 414
208 402
528 710
234 495
14 453
208 59
679 373
703 347
72 477
97 240
61 69
205 39
63 219
200 379
684 526
594 25
685 389
5 521
609 653
651 167
206 147
622 176
353 14
578 310
414 394
459 346
10 154
421 555
37 679
213 168
395 198
392 557
357 428
331 93
55 388
720 104
393 690
50 278
229 410
393 610
614 345
101 177
121 262
489 610
300 570
237 113
19 27
262 56
196 491
180 355
258 624
338 157
633 678
708 88
359 274
520 75
598 511
278 68
309 605
91 570
622 584
316 296
60 397
298 409
43 192
96 438
355 318
633 567
508 557
389 350
588 400
467 41
476 249
285 163
14 572
662 313
400 718
273 62
717 103
355 461
575 602
572 97
679 541
204 567
507 38
375 174
188 221
126 249
582 607
620 150
563 456
495 498
452 518
230 300
406 634
490 687
522 646
620 330
255 545
547 538
630 724
667 617
312 626
662 683
428 321
103 499
241 83
541 79
379 88
526 297
415 272
700 299
666 237
29 57
575 731
402 509
474 584
121 451
587 89
614 152
233 369
546 398
316 245
1 221
454 441
475 396
508 667
27 733
182 54
123 479
459 642
558 272
39 716
477 218
53 408
30 22
637 578
313 153
152 357
233 596
181 679
331 550
454 457
703 587
349 399
506 587
324 381
319 321
295 533
180 299
14 672
581 248
223 575
284 390
30 725
461 599
470 240
362 456
319 55
616 591
109 703
328 85
383 96
699 306
475 85
4 246
59 284
691 118
341 496
710 626
24 702
80 277
531 89
18 21
8 142
293 600
219 48
582 415
684 108
308 359
577 564
728 177
55 495
91 251
657 556
59 618
637 270
693 126
286 688
17 722
505 712
574 104
307 420
423 580
348 434
150 52
488 625
614 610
721 51
668 93
190 351
9 525
534 36
474 415
376 712
375 487
